24
S 0 80 0 15 0.8888888888888888 -100000 99995
S 86 34 43 16.1247225055015555 -4.580896735479064 1.481429939125542 1.8397734828717944
S 7 233 184 24.184105698474 0.9488632245389894 1.123992236044109 1.732541306062074
S 164 252 221 16.418462689498367 -2.289162239576518 0.4907477201659143 1.1210885373644646
S 32 8 14 16.182081209787201 -4.601120337812273 2.184790273729816 2.1135425907787644
S 100 94 232 4.937325849745267 0.101837626856275 -0.948980929050993 0.6977152346790905
S 254 106 69 19.699596687836218 -3.572696337802964 -1.0652428229164248 1.0263158370376593
S 184 213 174 24.111642620466982 0.5368022729870647 0.37139243398086563 0.818224285552533
S 165 74 76 22.729083833221253 4.157192202977129 -1.3935165907574916 1.3341572472700833
S 86 71 125 15.272497702134121 -0.2004206805632025 -1.4178928648582663 1.4551208213007754
S 153 34 203 18.428858201307705 -1.6356502825641508 -2.0657057550524733 1.643384632600612
S 69 19 65 15.549833240756584 -2.331478850177154 -1.1502550399171365 1.8731576783870745
S 70 141 107 8.015820563060029 2.4241697882364877 -2.05969185130648613 2.0485890235654685
S 165 209 134 20.524774234212007 0.2149372384454793 -1.942429562300285 1.4168354854475762
S 21 89 175 21.311570405920222 2.645923335060594 1.0799210478170487 1.646146379366248
S 29 187 228 18.656329203401473 -3.62290365390456 2.0218750643886523 1.9210320545300674
S 184 49 169 14.850581455878899 -2.9793767952141694 -0.16006021959656502 0.9684785251896088
S 231 137 20 16.859864693349217 -4.1812192822272625 -0.3318365659941973 1.6987327758556474
S 46 51 22 18.142509686282484 -0.41121691014154216 -2.3257531681653267 1.865776818388473
S 28 233 47 15.769646507995141 0.3033068921041737 2.6376427619573652 0.8409232454374832
S 14 255 212 19.307611200706388 4.7965366214387295 0.9615589223923386 0.9851053967288432
L -6.387279019836079 3.3669082263906276 2.686107673661509 4.21138848710339492
L -7.5166212317064796 -3.5459602157570917 2.563944342622542 3.1861447628037367
L 12.92397743357063 -2.5726995537497532 0.11264501055722942 2.2724689389503004
