9
S 0 100 0 0.5 0 0 -100000 99995
S 5 68 109 0.18 20.896660265167496 2.808059254306027 -2.5098684222788705 2.5897512656065529
S 94 69 245 0.18 14.846399338281191 4.6530999119881002 -2.2778479061747632 2.9326207585818544
S 191 215 185 0.18 17.308067493087421 -5.1891625537280754 -2.706247645658711 1.9888122076363831
S 104 170 179 0.18 11.951941584527855 -1.7864610124643199 -3.8994592104819077 1.1367602348801586
S 65 234 45 0.18 10.6 0.888 0 0.87
S 145 254 33 0.18 19.7 -0.9 -2.8 2.3
D 255 255 255 0 0 1 3
L 255 255 255 -1.192038248055733 0.866841254446994 5.432630531321033 4000.003808745884991
