v 3.01425 1.96577 7.3206
v 3.00171 1.96275 7.32319
v 3.01935 1.95126 7.32136
v 3.02827 1.95768 7.31801
v 3.00927 1.93187 7.32917
v 3.03999 1.94376 7.31852
v 3.04373 1.95365 7.31509
v 3.03907 1.92531 7.32301
v 3.07668 1.94792 7.31206
v 2.98152 1.94462 7.33508
v 3.02639 1.8881 7.35868
v 2.97784 1.90947 7.36736
v 3.02632 1.8707 7.39206
v 3.07998 1.87683 7.34884
v 3.08426 1.86494 7.37913
v 2.9737 1.89314 7.40366
v 3.04039 1.79237 7.46953
v 3.13565 1.77948 7.44929
v 3.18211 1.88399 7.35709
v 3.17123 1.89097 7.33143
v 3.29733 1.81586 7.41424
v 3.18717 1.88714 7.35593
v 3.30585 1.8238 7.41233
v 3.0889 1.93417 7.31309
v 3.176 1.89387 7.33048
v 3.21828 1.92651 7.34858
v 3.35722 1.88846 7.4006
v 3.55172 1.67846 7.69968
v 3.6499 1.80483 7.67756
v 3.395 1.93949 7.39194
v 3.72204 1.9024 7.66126
v 3.20513 1.93029 7.32451
v 3.24119 1.95755 7.34315
v 3.38986 2.00518 7.39232
v 3.71224 2.02799 7.66192
v 3.98318 1.87841 8.02122
v 3.97008 2.04628 8.0224
v 3.70257 2.28605 7.66108
v 3.95713 2.39119 8.02168
v 3.23808 1.9975 7.34342
v 3.38474 2.14014 7.39192
v 3.68143 2.31465 7.66522
v 3.92885 2.42943 8.02762
v 4.17536 2.43919 8.55077
v 4.14371 2.48155 8.55508
v 3.59937 2.67104 8.09898
v 3.77505 2.74902 8.60844
v 3.37365 2.15509 7.39414
v 3.43498 2.49539 7.71518
v 3.34651 2.70414 8.15535
v 3.4922 2.78545 8.65174
v 3.90403 2.78874 9.15683
v 3.60651 2.82682 9.19979
v 3.25954 2.78215 8.68782
v 3.36181 2.82341 9.23563
v 3.24583 2.52014 7.75479
v 3.13852 2.70136 8.20202
v 3.11549 2.72527 8.71093
v 3.21032 2.76403 9.25864
v 3.43775 2.84992 9.84103
v 3.28258 2.78893 9.84684
v 3.18999 2.74009 9.26195
v 3.26176 2.76444 9.84796
v 3.00972 2.65016 8.23145
v 3.09615 2.70234 8.71425
v 3.1667 2.7101 9.26579
v 3.23791 2.73376 9.84928
v 3.28856 2.78314 10.3462
v 3.26413 2.75205 10.3454
v 3.19036 2.67261 9.85219
v 3.21542 2.69006 10.3436
v 3.07399 2.67362 8.71808
v 3.12025 2.6503 9.27332
v 3.11879 2.53715 9.85609
v 3.14217 2.55283 10.3423
v 3.1312 2.72842 11.0403
v 3.06012 2.58656 11.0206
v 3.05633 2.42666 10.3399
v 2.97654 2.45603 10.9979
v 3.05047 2.51782 9.28596
v 3.03497 2.41264 9.86094
v 2.99125 2.14766 10.3424
v 2.91221 2.1685 10.9895
v 2.75038 2.48389 11.8651
v 2.68683 2.19808 11.8537
v 2.95673 1.95801 11.0121
v 2.73115 1.98892 11.877
v 2.97133 2.13718 9.86926
v 3.03777 1.94268 10.3507
v 2.97587 1.81 11.0241
v 2.7502 1.84184 11.8893
v 2.37098 2.01668 12.3351
v 2.3864 1.86947 12.3547
v 2.75623 1.7993 11.893
v 2.39131 1.8269 12.3607
v 3.05793 1.79864 10.3556
v 2.98193 1.76719 11.0277
v 3.01658 1.93465 9.87204
v 3.03617 1.79235 9.87436
v 3.06431 1.75698 10.3571
v 2.90637 2.12639 9.31228
v 2.95052 1.92791 9.30869
v 2.96962 1.78849 9.30791
v 3.04236 1.75119 9.87501
v 2.82626 2.11461 8.76429
v 2.86817 1.92454 8.76046
v 2.88628 1.79103 8.75952
v 2.97566 1.74816 9.30761
v 2.75096 2.09959 8.29524
v 2.78834 1.92813 8.28865
v 2.80443 2.33273 8.28389
v 2.88555 2.37285 8.75151
v 2.83882 2.24317 7.84845
v 2.80017 2.06765 7.85391
v 2.82814 1.9393 7.84944
v 2.80448 1.80769 8.2863
v 2.93203 2.11802 7.4918
v 2.91234 2.0259 7.49431
v 2.95923 2.15872 7.48517
v 2.89091 2.32139 7.83591
v 2.97684 2.09161 7.40224
v 2.96025 2.06684 7.40649
v 2.94814 2.01032 7.40824
v 2.92698 1.95893 7.49192
v 2.98038 2.08156 7.36617
v 2.96522 2.0587 7.3694
v 2.99357 2.10616 7.36182
v 2.99175 2.11795 7.39674
v 2.99122 2.05526 7.33105
v 2.9824 2.04268 7.33417
v 2.97346 2.03013 7.33648
v 2.95394 2.0074 7.37041
v 3.00647 2.02905 7.32254
v 3.00081 2.01971 7.32334
v 3.00939 2.03381 7.3222
v 2.99619 2.06215 7.3301
v 3.02129 2.02367 7.31855
v 3.01893 2.02024 7.31903
v 3.01411 2.01321 7.32002
v 2.99554 2.01113 7.32384
v 3.00959 2.00662 7.32099
v 2.99336 1.99287 7.323
v 2.96726 1.9992 7.33791
v 3.00712 1.99156 7.32166
v 2.99637 1.98057 7.32285
v 2.97198 1.97689 7.33713
v 2.96218 1.97018 7.36936
v 2.97414 1.96133 7.33669
v 2.96569 1.944 7.3691
v 2.95705 1.96922 7.40666
v 2.96091 1.94038 7.40607
v 2.93329 1.91187 7.4911
v 2.96214 1.93205 7.40587
v 2.93528 1.89826 7.49083
v 2.96678 1.93639 7.36903
v 2.97487 1.9569 7.33648
v 2.99745 1.97172 7.32316
v 2.99771 1.96903 7.32336
v 3.00952 1.98065 7.32133
v 3.01055 1.97298 7.32123
v 3.01088 1.97076 7.32119
v 2.84404 1.82307 7.84737
v 2.84022 1.84914 7.84789
v 2.80958 1.77285 8.28553
v 2.89201 1.75241 8.75917
v 3.02256 2.02532 7.31829
v 3.02367 2.02664 7.31806
v 3.01094 2.03611 7.32201
v 3.0123 2.03795 7.32183
v 2.99871 2.06527 7.32951
v 3.03191 2.0299 7.31644
v 3.02303 2.04316 7.32005
v 3.00091 2.06776 7.329
v 3.00665 2.12356 7.35958
v 3.0023 2.11785 7.36045
v 3.00116 2.13066 7.39491
v 3.01045 2.12812 7.35882
v 3.00589 2.13683 7.39378
v 3.01694 2.07358 7.32569
v 3.03887 2.13958 7.35335
v 3.01001 2.14175 7.3928
v 3.00678 2.23313 7.4719
v 2.99903 2.223 7.47367
v 3.04068 2.15387 7.38582
v 3.01355 2.24122 7.47036
v 3.04252 2.07319 7.32061
v 3.08487 2.14049 7.34467
v 3.09014 2.15442 7.37477
v 3.06398 2.26129 7.45934
v 2.99385 2.47974 7.8084
v 2.98091 2.46427 7.8113
v 3.14545 2.26244 7.44187
v 3.09022 2.51805 7.78764
v 3.14095 2.13356 7.33415
v 3.15021 2.14639 7.36145
v 3.24452 2.24957 7.42078
v 3.2284 2.08875 7.34463
v 3.21421 2.08058 7.32091
v 3.22053 2.07217 7.31981
v 3.2351 2.07964 7.34323
v 3.22361 1.99613 7.32019
v 3.11722 1.99186 7.30697
v 3.11613 2.03366 7.30676
v 3.11282 2.03833 7.30734
v 3.09815 1.98994 7.3075
v 3.0961 2.02022 7.30735
v 3.09931 1.97497 7.30744
v 3.11881 1.97165 7.30692
v 3.08598 1.97751 7.30668
v 3.08514 1.9882 7.30672
v 3.08431 2.01018 7.30661
v 3.09338 2.0235 7.30781
v 3.08249 2.01261 7.30693
v 3.06335 2.04346 7.31308
v 3.07323 2.06829 7.31463
v 3.0614 2.02799 7.3108
v 3.04091 2.04473 7.31701
v 3.04522 2.03009 7.31388
v 3.07981 1.9692 7.30797
v 3.07142 1.95867 7.30971
v 3.0907 1.96343 7.30926
v 3.07873 1.94902 7.31164
v 3.10714 1.95589 7.30931
v 3.07006 1.95783 7.30998
v 3.09142 1.9358 7.3126
v 3.22652 1.95907 7.32008
v 2.99242 2.6295 8.23554
v 2.97261 2.60361 8.24026
v 2.96608 2.4449 7.81465
v 2.93295 2.55187 8.24889
v 3.02982 2.61636 8.72575
v 2.96341 2.48946 8.73784
v 2.93659 2.40565 7.82008
v 2.87396 2.43775 8.26676
v 2.98363 2.20223 7.4765
v 2.96864 2.39608 9.29976
v 2.0847 1.85184 12.7397
v 2.08025 1.89421 12.7332
v 1.66028 1.93119 13.103
v 2.06631 2.0407 12.7121
v 1.65825 1.96635 13.096
v 2.33417 2.2258 12.2965
v 2.03258 2.24874 12.6705
v 1.65209 2.08795 13.0733
v 1.39538 2.04315 13.315
v 1.39631 2.01768 13.3202
v 1.6353 2.26039 13.0281
v 1.39265 2.13125 13.2981
v 2.39019 2.51325 12.3219
v 2.0867 2.53508 12.6975
v 1.67264 2.49967 13.058
v 1.38408 2.25611 13.2643
v 1.24815 2.199 13.5116
v 1.2488 2.1572 13.5201
v 1.40963 2.43116 13.2852
v 1.24541 2.2582 13.4947
v 2.15515 2.666 12.7465
v 1.71347 2.60975 13.1139
v 1.43386 2.51075 13.3271
v 1.25609 2.34101 13.5069
v 0.909666 2.27581 13.644
v 0.909067 2.22451 13.6595
v 1.26588 2.37913 13.5279
v 0.915564 2.34754 13.6552
v 1.74649 2.72873 13.1621
v 1.45169 2.59574 13.3651
v 1.27317 2.42187 13.5453
v 0.92177 2.38275 13.6741
v 0.631884 2.41986 13.6112
v 0.618687 2.30664 13.5961
v 0.929025 2.42665 13.6893
v 0.649789 2.47672 13.638
v 1.46673 2.63877 13.3886
v 1.27932 2.44736 13.5574
v 0.932763 2.45575 13.7
v 0.668979 2.54416 13.6602
v 0.597229 2.48008 13.6435
v 0.582568 2.42061 13.6174
v 0.67801 2.57306 13.6757
v 0.610876 2.53949 13.6641
v 1.28259 2.46664 13.5632
v 0.934507 2.46599 13.7055
v 0.681338 2.5629 13.6841
v 0.640427 2.54321 13.7151
v 0.552053 2.53507 13.6763
v 0.550849 2.49332 13.6551
v 0.644287 2.55551 13.7228
v 0.557723 2.56015 13.6911
v 0.545994 2.53563 13.6757
v 0.54508 2.49347 13.6544
v 0.560644 2.57296 13.6981
v 0.550973 2.56142 13.6896
v 0.647615 2.56536 13.7295
v 0.564728 2.58313 13.7043
v 0.553881 2.57427 13.6966
v 0.670229 2.592 13.7834
v 0.586862 2.61073 13.755
v 0.55799 2.58447 13.7028
v 0.705075 2.59865 13.873
v 0.639087 2.61632 13.8376
v 0.579823 2.61219 13.7538
v 0.746682 2.59014 13.9833
v 0.687809 2.60712 13.9517
v 0.633125 2.61774 13.8361
v 0.796735 2.48859 14.1338
v 0.721968 2.50341 14.1297
v 0.682587 2.60845 13.9502
v 0.800661 2.47189 14.1473
v 0.722668 2.48634 14.1451
v 0.716956 2.50443 14.1297
v 0.881839 2.31027 14.1327
v 0.795581 2.31508 14.1645
v 0.885751 2.47293 14.1152
v 0.713806 2.32385 14.1641
v 0.717608 2.48731 14.1453
v 0.66779 2.43244 14.023
v 0.708653 2.32429 14.1645
v 0.668166 2.42291 14.0318
v 0.794259 2.23893 14.1758
v 0.711879 2.24446 14.1608
v 0.706611 2.24462 14.1602
v 0.663188 2.33209 14.0425
v 0.611224 2.34204 13.8902
v 0.611222 2.34209 13.8902
v 0.662015 2.2877 14.0398
v 0.611197 2.34155 13.8903
v 0.702313 2.17948 14.1179
v 0.69714 2.1794 14.1167
v 0.656691 2.25137 14.0155
v 0.61119 2.34131 13.8903
v 0.678947 2.11047 14.0589
v 0.673678 2.11038 14.0573
v 0.75 2.0984 14.0874
v 0.775389 2.17704 14.1385
v 0.745936 2.07325 14.0726
v 0.656931 2.08977 13.9804
v 0.650805 2.08997 13.9769
v 0.643585 2.21288 13.9823
v 0.675955 2.05148 13.9032
v 0.625159 2.06251 13.8897
v 0.619676 2.06233 13.8884
v 0.630717 2.2016 13.9375
v 0.611091 2.34091 13.8899
v 0.611162 2.34112 13.8901
v 0.611022 2.34085 13.8897
v 0.613267 2.18613 13.8884
v 0.610927 2.34077 13.8894
v 0.54506 2.07293 13.7677
v 0.571469 2.1921 13.8214
v 0.610702 2.3408 13.8891
v 0.507278 2.12754 13.6745
v 0.550453 2.22244 13.7695
v 0.610588 2.34096 13.8888
v 0.55222 2.07322 13.7689
v 0.579467 2.12702 13.6631
v 0.513941 2.12789 13.6749
v 0.636851 2.07415 13.7967
v 0.634892 2.11775 13.6591
v 0.90963 2.15512 13.6878
v 0.679922 2.06282 13.7597
v 0.92065 2.12111 13.7586
v 0.731054 2.0387 13.8679
v 1.25476 2.11881 13.5426
v 1.28077 2.07883 13.6201
v 0.934097 2.10695 13.8349
v 0.823157 2.06039 14.0269
v 1.31033 2.06166 13.7038
v 0.954864 2.10132 13.9341
v 1.4118 1.96205 13.3597
v 1.48031 1.87697 13.514
v 1.55748 1.83982 13.6804
v 1.36261 2.09299 13.8418
v 0.961361 2.13993 13.9671
v 0.826325 2.08619 14.0547
v 1.69241 1.90418 13.9548
v 1.36543 2.09805 13.8487
v 1.80659 1.73543 13.3616
v 1.93945 1.68273 13.5835
v 2.16959 1.76898 13.9494
v 1.69962 1.91474 13.9686
v 1.38373 2.15851 13.8892
v 0.971963 2.19289 14.0038
v 2.18177 1.78342 13.9677
v 1.74564 2.0416 14.0488
v 2.57524 1.54249 13.1716
v 2.97183 1.63756 13.4986
v 2.99255 1.65447 13.515
v 2.25848 1.95759 14.0746
v 1.77967 2.14143 14.1074
v 1.3973 2.20608 13.9187
v 3.12084 1.86106 13.6095
v 2.31512 2.09468 14.1526
v 3.34195 1.60726 13.0557
v 3.36409 1.62414 13.0706
v 3.50076 1.831 13.1567
v 3.21534 2.02383 13.6784
v 2.31175 2.26461 14.1294
v 1.77892 2.26458 14.0901
v 3.6014 1.99401 13.2195
v 3.20494 2.22834 13.6566
v 3.88429 1.5824 12.2881
v 4.04087 1.78669 12.3338
v 4.15609 1.94779 12.367
v 3.58958 2.19947 13.1991
v 3.19701 2.64906 13.623
v 2.31258 2.61442 14.0945
v 4.14073 2.15292 12.3537
v 3.57968 2.62207 13.1675
v 4.27289 1.75416 11.4513
v 4.38869 1.91623 11.4831
v 4.37322 2.12158 11.4701
v 4.12661 2.58998 12.3318
v 3.5518 2.68517 13.1439
v 3.17031 2.69471 13.5976
v 4.35908 2.56186 11.4486
v 4.09301 2.63745 12.3184
v 4.51347 1.88094 10.4503
v 4.49736 2.08973 10.4439
v 4.48112 2.51074 10.4323
v 4.32492 2.60178 11.4359
v 3.70028 2.92426 12.1726
v 3.21528 2.98071 12.8852
v 4.44585 2.55094 10.4289
v 3.9302 2.88888 11.2955
v 4.44061 2.07834 9.82713
v 4.42471 2.48814 9.81927
v 4.39051 2.53151 9.8194
v 4.03827 2.83628 10.3947
v 3.62705 2.92238 11.1949
v 3.39828 2.95071 12.0681
v 3.99317 2.81582 9.82534
v 3.72584 2.87445 10.373
v 4.32519 2.4651 9.09991
v 4.29189 2.50933 9.10414
v 3.68841 2.85399 9.83356
v 3.4689 2.86996 10.356
v 3.37776 2.9156 11.1135
v 4.19001 2.05687 8.55385
v 4.2047 1.86977 8.55419
v 4.34074 2.06568 9.1034
v 3.88666 1.74625 8.04426
v 4.09657 1.71878 8.57305
v 4.35611 1.86722 9.10402
v 4.24223 1.70542 9.123
v 4.45617 1.87171 9.83086
v 3.7551 1.57149 8.0756
v 3.94926 1.51983 8.59866
v 4.08774 1.50525 9.14849
v 4.33977 1.71046 9.83757
v 4.18278 1.53021 9.84586
v 4.39505 1.73343 10.4461
v 3.9253 1.50369 8.60259
v 4.06382 1.51375 9.15186
v 4.15705 1.51452 9.84694
v 4.23345 1.53496 10.4404
v 4.20708 1.51904 10.439
v 4.11553 1.54861 11.4076
v 3.58002 1.43753 9.22371
v 3.66149 1.43553 9.86316
v 3.69915 1.43832 10.4073
v 4.0899 1.53201 11.3999
v 3.59689 1.4447 11.2416
v 3.85879 1.5659 12.28
v 3.37018 1.50937 9.87025
v 3.40049 1.51264 10.3856
v 3.30736 1.51865 11.1439
v 3.3682 1.479 12.1153
v 3.08009 1.55241 12.0137
v 2.91761 1.51374 12.7566
v 3.12956 1.66355 10.3638
v 3.04496 1.67162 11.052
v 2.81896 1.70435 11.9182
v 2.66929 1.58359 12.5743
v 2.44482 1.73252 12.4045
v 2.34355 1.61088 12.9726
v 2.13438 1.75812 12.7874
v 1.68775 1.85413 13.1557
v 3.10597 1.65881 9.87501
v 3.03773 1.65753 9.29984
v 3.29564 1.51054 9.26425
v 2.951 1.66564 8.75125
v 3.19617 1.52494 8.71524
v 2.86227 1.69453 8.27454
v 3.08137 1.56736 8.22674
v 3.46653 1.45509 8.67433
v 3.32159 1.47539 8.17384
v 2.88348 1.76446 7.8397
v 3.0461 1.64308 7.80673
v 3.22683 1.59436 7.76915
v 3.73312 1.54589 8.0808
v 3.53529 1.65967 7.70335
v 2.95486 1.84684 7.48722
v 3.30989 2.80797 10.347
v 3.22331 2.8505 11.0653
v 3.20254 2.82477 11.0595
v 2.99636 2.87588 11.9333
v 2.9757 2.85031 11.9272
v 3.15005 2.94061 11.9834
v 2.60627 2.90939 12.4522
v 2.58825 2.88349 12.4408
v 2.95202 2.81832 11.9203
v 2.56757 2.8511 12.4278
v 2.27192 2.90474 12.8295
v 2.25251 2.8724 12.8152
v 2.73963 2.97954 12.5439
v 2.28898 2.93356 12.8419
v 1.78203 2.81322 13.2097
v 1.77027 2.78314 13.1937
v 2.21388 2.80793 12.7868
v 1.79258 2.8441 13.2237
v 1.47414 2.66733 13.4005
v 1.48085 2.69629 13.4109
v 2.41411 3.01107 12.9421
v 1.86614 2.91753 13.3359
v 1.52393 2.74259 13.4952
v 1.28506 2.47558 13.5686
v 1.30079 2.47658 13.6115
v 0.934335 2.44847 13.711
v 1.9819 2.93185 13.5229
v 1.59012 2.72477 13.6361
v 1.32689 2.4818 13.6821
v 0.942907 2.46674 13.7497
v 0.685488 2.57308 13.691
v 0.955426 2.47198 13.814
v 0.714406 2.6003 13.7458
v 1.67155 2.71029 13.8085
v 1.3582 2.47538 13.7687
v 2.12024 2.88163 13.7535
v 2.29776 2.65191 14.0665
v 1.77352 2.54521 14.0431
v 1.39674 2.39763 13.8866
v 0.970043 2.46727 13.8931
v 1.7819 2.51815 14.0641
v 1.39985 2.38484 13.8971
v 1.39756 2.2645 13.9101
v 0.986859 2.38979 14.0105
v 0.985798 2.40081 14.0009
v 0.981908 2.28527 14.0226
v 0.880369 2.49033 14.1015
v 0.813688 2.59676 13.9489
v 0.979912 2.23454 14.0306
v 0.881396 2.23127 14.1442
v 0.857957 2.16738 14.1065
v 0.75954 2.60649 13.8369
v 2.85787 3.00548 13.3152
v 2.61501 3.03663 13.1092
v 2.95445 2.99993 12.6969
v 2.52657 2.7865 12.4017
v 2.90487 2.75451 11.9064
v 2.46308 2.64438 12.3665
v 2.83365 2.61361 11.8884
v 3.17875 2.79258 11.0529
v 0.648437 2.4904 13.9229
v 0.611117 2.34241 13.8896
v 0.620717 2.49559 13.8595
v 0.610967 2.34243 13.8893
v 0.590837 2.49251 13.8137
v 0.610806 2.34242 13.889
v 0.578802 2.47706 13.7852
v 0.610741 2.34233 13.8889
v 0.576516 2.47137 13.7817
v 0.610729 2.3423 13.8889
v 0.574893 2.46421 13.7778
v 0.61072 2.34227 13.8888
v 0.572147 2.44982 13.7701
v 0.610705 2.34219 13.8888
v 0.571625 2.42604 13.7582
v 0.610703 2.34206 13.8887
v 0.570556 2.39472 13.7448
v 0.610697 2.34189 13.8887
v 0.543108 2.43666 13.6304
v 0.561952 2.32644 13.7376
v 0.61065 2.34152 13.8886
v 0.527785 2.31414 13.6177
v 0.55953 2.28162 13.7491
v 0.610637 2.34128 13.8887
v 0.523322 2.23378 13.6382
v 0.557888 2.25087 13.7549
v 0.610628 2.34111 13.8887
v 0.520384 2.17852 13.6485
v 0.55282 2.24205 13.7564
v 0.610601 2.34107 13.8887
v 0.511463 2.16268 13.6511
v 0.54848 2.43573 13.6313
v 0.53402 2.31379 13.6195
v 0.592734 2.30783 13.6367
v 0.528985 2.23385 13.639
v 0.57199 2.23148 13.6235
v 0.526146 2.17865 13.6493
v 0.623434 2.22646 13.6185
v 0.572172 2.17704 13.6345
v 0.624572 2.1699 13.6298
v 0.5723 2.16131 13.6378
v 0.517733 2.16284 13.6517
v 0.908041 2.18827 13.6673
v 0.624994 2.15355 13.6332
v 0.907771 2.17779 13.6697
v 1.24904 2.14512 13.5227
vn -0.205596 -0.110853 -0.972338
vn -0.308667 -0.202948 -0.929267
vn -0.254547 -0.226523 -0.940156
vn -0.219367 -0.19099 -0.956766
vn -0.340927 -0.544416 -0.766407
vn -0.18409 -0.233202 -0.954844
vn -0.160648 -0.266981 -0.950218
vn -0.178613 -0.52425 -0.832622
vn -0.144354 -0.228604 -0.962758
vn -0.542613 -0.472982 -0.69416
vn -0.32913 -0.749922 -0.573838
vn -0.610178 -0.624472 -0.487562
vn -0.367409 -0.728896 -0.577685
vn -0.0824481 -0.738557 -0.66913
vn -0.104171 -0.727077 -0.678607
vn -0.665847 -0.574417 -0.476123
vn -0.433403 -0.810819 -0.393362
vn -0.0630687 -0.851502 -0.520545
vn -0.00400884 -0.68787 -0.725823
vn 0.0374946 -0.790332 -0.611531
vn 0.0890709 -0.827384 -0.554529
vn 0.285882 -0.411447 -0.865438
vn 0.458735 -0.50306 -0.732457
vn -0.0818089 -0.492865 -0.866251
vn 0.259309 -0.375078 -0.889986
vn 0.299198 -0.387225 -0.872088
vn 0.471711 -0.489252 -0.733567
vn 0.588493 -0.565597 -0.577733
vn 0.598645 -0.552617 -0.579861
vn 0.565592 -0.223462 -0.793832
vn 0.723234 -0.248772 -0.644239
vn 0.281233 -0.359123 -0.889909
vn 0.333724 -0.171428 -0.926952
vn 0.587228 0.0297757 -0.808873
vn 0.751034 0.0381922 -0.659158
vn 0.852063 -0.265765 -0.450951
vn 0.884655 0.0445529 -0.464112
vn 0.750378 0.0878993 -0.655139
vn 0.880798 0.101605 -0.462463
vn 0.376144 0.0191986 -0.926362
vn 0.588552 0.0681824 -0.805579
vn 0.411445 0.685861 -0.600256
vn 0.51706 0.76083 -0.392157
vn 0.940466 0.104016 -0.323581
vn 0.56928 0.784499 -0.245929
vn 0.337505 0.871501 -0.355774
vn 0.390775 0.896336 -0.209466
vn 0.301679 0.586169 -0.751928
vn 0.24884 0.782697 -0.570495
vn 0.00589325 0.962365 -0.271698
vn 0.044127 0.991095 -0.12563
vn 0.414094 0.901988 -0.122245
vn 0.0574195 0.996113 -0.0667985
vn -0.16639 0.98292 -0.0786262
vn -0.156235 0.987154 -0.0334401
vn -0.048102 0.870041 -0.490627
vn -0.202852 0.95335 -0.223551
vn -0.438277 0.898736 -0.013645
vn -0.433266 0.901168 0.0132741
vn -0.151472 0.988106 -0.0265098
vn -0.432047 0.901844 0.00341939
vn -0.770963 0.632109 0.0778091
vn -0.773817 0.63181 0.0449845
vn -0.463772 0.871588 -0.158902
vn -0.77086 0.631881 0.0806288
vn -0.783273 0.616442 0.0805162
vn -0.786319 0.616062 0.0465865
vn -0.773181 0.630318 -0.0699308
vn -0.78594 0.614362 -0.0696976
vn -0.851272 0.521756 0.0557323
vn -0.851326 0.520265 -0.0675881
vn -0.783056 0.616168 0.0846134
vn -0.847756 0.52189 0.094552
vn -0.855697 0.514324 0.0570376
vn -0.856624 0.511754 -0.0656014
vn -0.835399 0.516296 -0.18854
vn -0.840543 0.508108 -0.187921
vn -0.934822 0.349605 -0.062328
vn -0.917579 0.345239 -0.197126
vn -0.851751 0.515038 0.0962057
vn -0.933916 0.350933 0.0681653
vn -0.997835 0.0364278 -0.0547612
vn -0.979666 0.0332716 -0.197858
vn -0.85233 0.344883 -0.393178
vn -0.912537 0.0240934 -0.408283
vn -0.963424 -0.19045 -0.188527
vn -0.899754 -0.199944 -0.387899
vn -0.995911 0.0398353 0.0810845
vn -0.981298 -0.186315 -0.0483838
vn -0.970668 -0.145182 -0.19164
vn -0.906513 -0.15502 -0.392686
vn -0.771275 -0.207017 -0.601896
vn -0.77744 -0.162145 -0.607697
vn -0.803975 -0.488221 -0.339506
vn -0.700654 -0.483669 -0.524546
vn -0.98868 -0.141231 -0.0506565
vn -0.866789 -0.472421 -0.15967
vn -0.979391 -0.183571 0.0842277
vn -0.986834 -0.138193 0.0840371
vn -0.881711 -0.470069 -0.0402528
vn -0.990817 0.0409666 0.128853
vn -0.974293 -0.182879 0.131559
vn -0.981707 -0.137326 0.131884
vn -0.881483 -0.465647 0.0784954
vn -0.98785 0.0415339 0.149754
vn -0.971039 -0.182659 0.15401
vn -0.978335 -0.137077 0.155146
vn -0.878043 -0.46393 0.117511
vn -0.998268 0.0409239 0.0422626
vn -0.981992 -0.181787 0.0514386
vn -0.939448 0.342249 0.0174107
vn -0.92756 0.351145 0.127785
vn -0.925783 0.316749 -0.206387
vn -0.98361 0.0334551 -0.177176
vn -0.972069 -0.173671 -0.157862
vn -0.989104 -0.136322 0.0555792
vn -0.892968 0.286158 -0.34745
vn -0.950621 0.0218294 -0.309584
vn -0.818801 0.431478 -0.37867
vn -0.851487 0.467501 -0.237515
vn -0.798766 0.417721 -0.432991
vn -0.879911 0.266868 -0.393113
vn -0.940772 0.0179206 -0.338565
vn -0.945582 -0.165115 -0.280377
vn -0.822887 0.438485 -0.361369
vn -0.899986 0.313359 -0.303037
vn -0.808495 0.451189 -0.37784
vn -0.80522 0.403736 -0.434302
vn -0.685932 0.313674 -0.656586
vn -0.667549 0.323251 -0.670737
vn -0.788465 0.21533 -0.576156
vn -0.968087 0.0365589 -0.247932
vn -0.339984 0.0856524 -0.936522
vn -0.344503 0.099496 -0.933498
vn -0.303241 0.100055 -0.947647
vn -0.603142 0.353526 -0.71501
vn -0.241813 0.0598798 -0.968473
vn -0.234868 0.0479333 -0.970845
vn -0.221066 0.0405282 -0.974416
vn -0.394978 0.0771064 -0.915449
vn -0.167252 0.0299942 -0.985458
vn -0.41418 -0.0027941 -0.910191
vn -0.836773 0.00842865 -0.547485
vn -0.127876 0.0126397 -0.99171
vn -0.405274 -0.0616244 -0.912116
vn -0.835562 -0.144742 -0.529987
vn -0.962131 -0.170131 -0.212976
vn -0.861982 -0.11315 -0.494151
vn -0.97031 -0.130421 -0.203689
vn -0.940308 -0.164521 -0.297916
vn -0.945599 -0.123298 -0.301066
vn -0.952183 -0.125072 -0.278755
vn -0.910895 -0.254257 -0.324998
vn -0.890642 -0.339826 -0.302117
vn -0.910481 -0.294959 -0.289868
vn -0.775656 -0.253224 -0.578131
vn -0.411393 -0.0552849 -0.90978
vn -0.386233 -0.119835 -0.914584
vn -0.116949 -0.015872 -0.993011
vn -0.133871 -0.0337979 -0.990422
vn -0.167268 -0.0480236 -0.984741
vn -0.891691 -0.414457 -0.181967
vn -0.979331 -0.131113 -0.154012
vn -0.889783 -0.455617 0.0264341
vn -0.876098 -0.463954 0.13115
vn -0.247106 0.0659786 -0.966739
vn -0.225596 0.102676 -0.968795
vn -0.301759 0.0968434 -0.948453
vn -0.247778 0.123797 -0.960875
vn -0.587566 0.346999 -0.730998
vn -0.194817 0.136186 -0.971339
vn -0.207438 0.134995 -0.968889
vn -0.373242 0.37915 -0.846721
vn -0.733044 0.514516 -0.444882
vn -0.755748 0.509631 -0.411243
vn -0.729958 0.472742 -0.493636
vn -0.426798 0.632972 -0.645902
vn -0.723554 0.480849 -0.495231
vn -0.246626 0.390261 -0.887058
vn -0.23214 0.667295 -0.707692
vn -0.462767 0.613009 -0.640364
vn -0.743666 0.512535 -0.429265
vn -0.753661 0.504533 -0.421238
vn -0.272302 0.639482 -0.718967
vn -0.466527 0.689201 -0.554395
vn -0.154797 0.367366 -0.917104
vn -0.101444 0.632692 -0.767731
vn -0.12888 0.634694 -0.761941
vn -0.250704 0.750564 -0.611393
vn -0.474489 0.787251 -0.393823
vn -0.774832 0.566071 -0.281422
vn -0.0887331 0.755173 -0.649493
vn -0.235034 0.861968 -0.449189
vn 0.0962023 0.513418 -0.852729
vn 0.05256 0.531938 -0.845151
vn 0.160898 0.668014 -0.726547
vn 0.158103 0.443749 -0.882094
vn 0.205405 0.462687 -0.862397
vn 0.381277 0.0471862 -0.923256
vn 0.344003 0.0476222 -0.93776
vn 0.330387 0.0147944 -0.94373
vn 0.107844 0.00282076 -0.994164
vn 0.106895 0.0191295 -0.994086
vn 0.0113473 0.243752 -0.969771
vn 0.00207096 -0.0020503 -0.999996
vn -0.0185194 0.00711344 -0.999803
vn -0.0182021 -0.0616797 -0.99793
vn 0.0990837 -0.101241 -0.989915
vn 0.041518 -0.0820993 -0.995759
vn 0.0606038 0.00195993 -0.99816
vn 0.0523357 0.0100918 -0.998579
vn -0.0931277 0.112619 -0.989264
vn -0.0661564 0.148311 -0.986725
vn -0.127057 0.124693 -0.984027
vn -0.0516484 0.299787 -0.952607
vn -0.10042 0.156123 -0.98262
vn -0.175389 0.139552 -0.974558
vn -0.169264 0.15779 -0.972858
vn 0.022545 -0.176729 -0.984001
vn 0.0133196 -0.185924 -0.982474
vn -0.0272418 -0.137734 -0.990094
vn -0.0380289 -0.143231 -0.988958
vn 0.0777385 -0.216327 -0.973221
vn -0.132562 -0.281689 -0.950304
vn 0.0679592 -0.233925 -0.969877
vn 0.364382 -0.155359 -0.918199
vn -0.785025 0.61763 -0.0476301
vn -0.796594 0.603194 -0.0399256
vn -0.786447 0.554625 -0.271831
vn -0.859292 0.511297 -0.0139092
vn -0.846274 0.522397 0.104507
vn -0.850481 0.515022 0.106927
vn -0.84813 0.471348 -0.24188
vn -0.862738 0.505495 -0.0125882
vn -0.819074 0.427528 -0.382542
vn -0.929756 0.35061 0.112365
vn -0.652324 -0.498253 -0.571154
vn -0.717704 -0.169219 -0.675475
vn -0.625901 -0.48948 -0.607171
vn -0.712969 -0.213521 -0.667895
vn -0.659271 -0.17099 -0.732205
vn -0.780791 0.0140708 -0.624633
vn -0.72449 0.0106339 -0.689204
vn -0.657178 -0.215066 -0.722401
vn -0.717925 -0.158168 -0.677913
vn -0.717113 -0.448241 -0.533694
vn -0.673734 0.00502276 -0.738957
vn -0.725141 -0.198434 -0.65939
vn -0.73012 0.323011 -0.602153
vn -0.681535 0.330743 -0.652778
vn -0.646931 0.317268 -0.693413
vn -0.742204 0.00761098 -0.67013
vn -0.668301 -0.205109 -0.715055
vn -0.678593 -0.159856 -0.716908
vn -0.722671 0.297349 -0.623963
vn -0.693425 0.00881995 -0.720475
vn -0.629219 0.486098 -0.606459
vn -0.608337 0.479346 -0.632577
vn -0.699512 0.452759 -0.552895
vn -0.677307 0.295102 -0.673921
vn -0.13529 -0.0331914 -0.99025
vn -0.150072 -0.245457 -0.957721
vn -0.630292 0.444023 -0.636848
vn -0.0895473 0.267725 -0.959325
vn -0.607153 0.487928 -0.627129
vn -0.695922 0.449592 -0.559963
vn -0.6314 0.407148 -0.659973
vn -0.0625914 0.400876 -0.913991
vn 0.111599 0.217082 -0.969753
vn 0.0595764 -0.0293984 -0.997791
vn -0.0725711 0.359163 -0.930449
vn 0.17668 0.33253 -0.926395
vn -0.687668 0.498645 -0.527699
vn -0.622388 0.439255 -0.647833
vn -0.0936151 0.444869 -0.890689
vn 0.155504 0.372254 -0.915011
vn -0.116572 0.393832 -0.91176
vn -0.180962 0.121128 -0.976002
vn 0.170873 0.573965 -0.800853
vn -0.105211 0.62862 -0.770563
vn -0.673348 0.504389 -0.540549
vn 0.0121198 0.945517 -0.325348
vn 0.195656 0.98067 -0.00238409
vn -0.0724556 0.86565 -0.495379
vn -0.0310332 0.636264 -0.770847
vn -0.130504 0.403351 -0.905691
vn 0.0488304 0.613357 -0.788295
vn 0.193763 0.759306 -0.621217
vn -0.981739 -0.00157372 0.190224
vn -0.987173 -0.0433856 0.153646
vn 0.330819 0.411349 -0.849324
vn -0.967553 0.0698663 0.242818
vn 0.0346116 0.858449 -0.511729
vn 0.341312 0.693601 -0.634368
vn -0.943197 0.124007 0.308224
vn 0.0596314 0.974824 -0.214852
vn 0.333909 0.829222 -0.448214
vn -0.934737 0.138008 0.327447
vn 0.0773799 0.996997 0.00301068
vn 0.309249 0.934243 -0.177639
vn -0.883166 0.19199 0.42797
vn 0.103013 0.90052 0.422436
vn 0.198174 0.95431 0.223652
vn -0.858539 0.229002 0.458768
vn 0.144771 0.823491 0.548547
vn 0.0717534 0.839244 0.539
vn -0.907047 0.239418 0.34633
vn 0.189539 0.160624 0.968646
vn 0.0188107 0.189608 0.98168
vn -0.90704 0.265867 0.326485
vn 0.596292 0.0812603 0.798644
vn 0.175222 0.100649 0.979371
vn 0.589569 0.153661 0.792967
vn -0.0229638 0.091721 0.99552
vn -0.910658 0.121385 0.394927
vn -0.935899 0.19758 0.291642
vn -0.914881 0.0638729 0.398638
vn -0.934632 0.108115 0.338783
vn 0.113536 -0.21162 0.970735
vn -0.155675 -0.22805 0.961124
vn -0.921618 -0.0541303 0.384304
vn -0.936536 0.0640207 0.344676
vn -0.941871 0.104121 0.319435
vn -0.943145 0.176543 0.28162
vn -0.943252 -0.0345487 0.330277
vn -0.943176 0.0639679 0.326078
vn -0.27954 -0.495849 0.822186
vn -0.922039 -0.0691923 0.380863
vn -0.938767 -0.0312657 0.343131
vn -0.949502 -0.0284133 0.312472
vn -0.407593 -0.631827 0.659289
vn -0.930042 -0.078935 0.358875
vn -0.0773687 -0.616139 0.783828
vn 0.0158205 -0.553119 0.832952
vn -0.165698 -0.921378 0.351576
vn -0.407182 -0.847425 0.340697
vn -0.937886 -0.107376 0.329909
vn -0.943792 -0.0283708 0.329319
vn -0.213387 -0.966741 0.140986
vn -0.164318 -0.985759 0.0357548
vn -0.882633 -0.110147 0.456976
vn -0.9466 -0.0475559 0.318885
vn -0.947708 -0.0103388 0.318971
vn -0.94384 -0.0180642 0.329908
vn -0.948585 -0.0257916 0.315469
vn -0.89026 -0.0387378 0.453803
vn -0.892842 -0.0165148 0.450067
vn -0.898294 -0.0605474 0.435204
vn -0.883792 -0.00520941 0.467851
vn -0.878113 0.0141674 0.478243
vn -0.952344 0.0462694 0.301496
vn -0.93487 0.0933841 0.342488
vn -0.927534 0.111733 0.356646
vn 0.0358313 -0.925861 -0.37616
vn -0.105102 -0.85734 -0.503906
vn 0.00656272 -0.838561 -0.544768
vn -0.159 -0.964875 -0.209128
vn 0.0543512 -0.815593 -0.576068
vn -0.0759046 -0.84003 -0.537204
vn 0.0891092 -0.92105 -0.379112
vn -0.0276017 -0.946771 -0.320722
vn 0.13174 -0.98588 -0.103366
vn -0.597384 -0.746621 -0.292729
vn -0.518819 -0.848669 -0.102894
vn 0.0481772 -0.997741 -0.0468137
vn 0.243393 -0.958854 0.146147
vn -0.427173 -0.881665 0.200474
vn 0.14145 -0.974737 0.172857
vn -0.610275 -0.747831 -0.261369
vn -0.528228 -0.846158 -0.0706568
vn -0.41379 -0.872113 0.261143
vn -0.38484 -0.835113 0.393044
vn 0.318983 -0.616225 0.720081
vn 0.469608 -0.598628 0.648932
vn -0.329433 -0.857295 0.395625
vn -0.208369 -0.513407 0.832463
vn -0.358194 -0.923692 -0.135978
vn -0.159957 -0.967557 0.195569
vn -0.0652994 -0.946738 0.315315
vn -0.256015 -0.474752 0.842061
vn -0.23625 -0.460689 0.855542
vn 0.321118 -0.580601 0.748188
vn 0.189051 -0.586895 0.787283
vn -0.23797 -0.44191 0.864919
vn -0.0495133 -0.989306 0.137197
vn 0.0576542 -0.969582 0.237881
vn 0.423122 -0.620322 0.66043
vn 0.214388 -0.55116 0.806387
vn -0.198175 -0.15355 0.968065
vn -0.23583 -0.153109 0.959657
vn 0.45 -0.583972 0.67563
vn 0.307828 -0.204158 0.92928
vn 0.136633 -0.977853 0.158538
vn 0.606521 -0.636253 0.476775
vn 0.633332 -0.597397 0.491943
vn 0.572723 -0.224983 0.788271
vn 0.318885 0.104068 0.942063
vn -0.192184 0.112652 0.974872
vn 0.780266 -0.246864 0.574667
vn 0.595555 0.0910233 0.798141
vn 0.683467 -0.644968 0.34189
vn 0.712686 -0.608343 0.349281
vn 0.878176 -0.252654 0.406168
vn 0.811936 0.0742809 0.579001
vn 0.595354 0.143337 0.790574
vn 0.328928 0.154254 0.931671
vn 0.910353 0.0658325 0.408563
vn 0.808677 0.125413 0.574729
vn 0.771193 -0.615181 0.163749
vn 0.946274 -0.2637 0.187156
vn 0.981783 0.0555961 0.181688
vn 0.906513 0.115909 0.405955
vn 0.515072 0.790638 0.331047
vn 0.354793 0.795356 0.491457
vn 0.977607 0.110527 0.179078
vn 0.562368 0.799293 0.211832
vn 0.962827 -0.265885 0.0476296
vn 0.997843 0.0518841 0.040219
vn 0.993604 0.106155 0.0385077
vn 0.589236 0.8044 0.0757751
vn 0.400123 0.906362 0.135684
vn 0.359616 0.910317 0.204939
vn 0.599845 0.80004 -0.0110212
vn 0.417562 0.907995 0.0344488
vn 0.991966 0.0489722 -0.116638
vn 0.987269 0.106366 -0.118265
vn 0.599796 0.794523 -0.0947498
vn 0.434706 0.900225 -0.0249899
vn 0.0587917 0.997646 -0.0352959
vn 0.0507908 0.998252 -0.0302122
vn 0.42295 0.902572 -0.0804794
vn 0.0687174 0.996517 -0.0472354
vn 0.975397 0.105494 -0.193576
vn 0.593073 0.791578 -0.147204
vn 0.0626757 0.99694 -0.0467068
vn -0.141243 0.988311 -0.0573753
vn -0.145058 0.986738 -0.0728384
vn 0.945376 0.0472547 -0.32254
vn 0.91145 -0.267412 -0.312649
vn 0.980089 0.0487759 -0.192473
vn 0.705343 -0.587183 -0.397123
vn 0.757648 -0.594977 -0.268275
vn 0.94642 -0.265146 -0.184353
vn 0.781215 -0.605872 -0.150407
vn 0.957774 -0.266868 -0.107008
vn 0.690067 -0.605491 -0.396469
vn 0.725134 -0.636252 -0.263369
vn 0.729513 -0.669735 -0.138803
vn 0.781852 -0.618535 -0.0782358
vn 0.73467 -0.674829 -0.0697584
vn 0.781765 -0.621702 0.0482645
vn 0.140922 -0.987505 -0.0705378
vn 0.142455 -0.989432 -0.0270153
vn 0.165759 -0.986067 -0.0139761
vn 0.751639 -0.658003 0.0454979
vn 0.183734 -0.982811 0.0180225
vn 0.742945 -0.651012 0.155615
vn 0.00429393 -0.999946 -0.00941008
vn 0.016609 -0.999862 -0.000713931
vn 0.0283988 -0.999555 0.00916778
vn 0.17733 -0.982319 0.0600253
vn 0.02013 -0.999438 0.026804
vn 0.161736 -0.98004 0.115595
vn -0.364852 -0.930379 0.0357376
vn -0.357825 -0.933726 -0.0108284
vn -0.356773 -0.932952 -0.0481033
vn 0.0241804 -0.997971 0.0589076
vn -0.326454 -0.93976 -0.101389
vn 0.00759488 -0.997918 0.0640428
vn -0.580937 -0.813652 -0.0219479
vn -0.574538 -0.813157 -0.0931741
vn -0.527081 -0.826043 -0.199598
vn -0.300169 -0.93786 -0.174121
vn -0.473839 -0.820336 -0.320195
vn -0.306074 -0.939197 -0.155655
vn -0.455058 -0.82848 -0.326407
vn -0.476358 -0.815081 -0.329736
vn -0.585439 -0.808834 0.0552159
vn -0.586061 -0.806716 0.0757695
vn -0.366982 -0.929239 0.0428963
vn -0.58771 -0.805857 0.072047
vn -0.381485 -0.923657 0.0364263
vn -0.61903 -0.785169 -0.0176431
vn -0.426991 -0.903167 -0.0443612
vn -0.0202563 -0.999124 -0.0366104
vn -0.050688 -0.988677 -0.141241
vn -0.658889 -0.727314 -0.192041
vn -0.453748 -0.863326 -0.220862
vn -0.0611668 -0.936737 -0.344649
vn 0.150524 -0.969163 -0.195106
vn 0.133534 -0.907839 -0.397488
vn -0.673545 -0.66084 -0.3311
vn -0.426733 0.901951 -0.0662061
vn -0.420695 0.899048 -0.121361
vn -0.758979 0.626518 -0.177276
vn -0.382192 0.898975 -0.213946
vn -0.703068 0.625388 -0.338505
vn -0.128338 0.986294 -0.103695
vn -0.346379 0.878664 -0.328589
vn -0.610039 0.603902 -0.512986
vn -0.715954 0.60886 -0.341613
vn -0.616923 0.59215 -0.518426
vn -0.586426 0.576282 -0.569214
vn -0.586049 0.588883 -0.556564
vn -0.127532 0.976842 -0.1718
vn -0.376878 0.862742 -0.337104
vn -0.587371 0.524192 -0.616618
vn -0.583822 0.565978 -0.582084
vn -0.625086 0.502055 -0.597668
vn -0.458343 0.827119 -0.325264
vn -0.683825 0.443843 -0.579126
vn -0.637186 0.742239 -0.207545
vn -0.18112 0.97581 -0.122438
vn -0.300794 0.952927 -0.0381151
vn -0.522498 0.845684 0.108697
vn -0.581858 0.811528 -0.0535192
vn -0.470632 0.876094 0.104716
vn 0.153892 0.944404 -0.290547
vn -0.166074 0.968852 0.183701
vn -0.449862 0.842934 0.295104
vn -0.410654 0.886797 0.212025
vn 0.182569 0.954607 -0.235359
vn 0.259372 0.861293 -0.436922
vn 0.223192 0.971974 -0.0738296
vn 0.326978 0.875744 -0.355188
vn -0.345636 0.775333 0.528577
vn -0.336592 0.811303 0.47801
vn 0.0323849 0.875006 0.483028
vn 0.133168 0.786643 0.602876
vn -0.273528 0.701438 0.658154
vn -0.299278 0.713441 0.633588
vn 0.330714 0.903928 0.271187
vn -0.181642 0.156814 0.970781
vn -0.213741 0.16048 0.963619
vn -0.172231 0.11645 0.978149
vn 0.446665 0.147033 0.882537
vn 0.382277 0.807858 0.448587
vn 0.418969 0.100807 0.902387
vn 0.555024 0.751077 0.357534
vn 0.489441 0.858348 0.153903
vn 0.416241 -0.232656 0.878985
vn 0.569573 -0.231247 0.78874
vn 0.478407 -0.571767 0.66649
vn 0.393712 0.907741 -0.144907
vn 0.233596 0.898529 0.371588
vn -0.0230531 0.997527 0.0664019
vn 0.0434241 0.99806 -0.0446215
vn -0.667982 0.495537 -0.555197
vn -0.775473 0.515866 -0.364038
vn -0.669768 0.488322 -0.559422
vn -0.78141 0.503991 -0.367956
vn -0.771382 0.61054 -0.179472
vn -0.924419 0.18166 0.335335
vn -0.930448 0.160586 0.329361
vn -0.872264 0.167312 0.459524
vn -0.876966 0.145004 0.458154
vn -0.874841 0.141641 0.46324
vn -0.871352 0.12259 0.475098
vn -0.928462 0.0874945 0.360976
vn -0.925977 0.0664465 0.371688
vn -0.932278 0.0756059 0.353754
vn -0.927915 0.0594685 0.368017
vn -0.95224 0.0288609 0.303985
vn -0.946351 0.0157375 0.322756
vn -0.969499 -0.045152 0.240899
vn -0.964121 -0.0604027 0.258499
vn -0.973796 -0.0706666 0.216167
vn -0.967934 -0.0805138 0.237953
vn -0.965521 0.0417838 0.256951
vn -0.958813 0.0381537 0.281464
vn -0.981087 0.052053 0.186436
vn -0.956813 0.103631 0.271606
vn -0.949605 0.103392 0.295906
vn -0.973483 0.103108 0.204206
vn -0.954886 0.114643 0.273951
vn -0.947709 0.11984 0.295782
vn -0.972399 0.0998732 0.21087
vn -0.957269 0.184534 0.222675
vn -0.950499 0.165969 0.26269
vn -0.96609 0.238581 0.0987395
vn -0.936242 0.324012 0.135895
vn -0.926864 0.34588 0.145911
vn -0.95865 0.265045 0.103644
vn -0.0162666 0.168481 -0.985571
vn 0.0484979 -0.0396042 -0.998038
vn -0.261301 -0.0213993 -0.96502
vn -0.0941337 -0.113311 -0.98909
vn -0.216159 -0.0932094 -0.971899
vn -0.267762 -0.157051 -0.950599
vn 0.0652379 -0.224745 -0.972231
vn -0.208225 -0.179691 -0.961433
vn 0.0966958 -0.202187 -0.974562
vn -0.18145 -0.478087 -0.859365
vn -0.172903 -0.498192 -0.849652
vn -0.14498 -0.202149 -0.968564
vn 0.0896188 -0.487935 -0.868267
vn -0.132055 -0.517024 -0.845723
vn -0.677062 -0.446053 -0.585341
vt -1 0 0
vt -1 0.333333 0
vt 0 0.333333 0
vt 0 0 0
vt 0 1 0
vt 1 0.333333 0
vt 1 0 0
vt 1 1 0
vt 2 0.333333 0
vt -1 1 0
vt 0 2 0
vt -1 2 0
vt 0 3 0
vt 1 2 0
vt 1 3 0
vt -1 3 0
vt 0 4 0
vt 1 4 0
vt 2 3 0
vt 2 2 0
vt 2 4 0
vt 3 3 0
vt 3 4 0
vt 2 1 0
vt 3 2 0
vt 4 3 0
vt 4 4 0
vt 3 5 0
vt 4 5 0
vt 5 4 0
vt 5 5 0
vt 4 2 0
vt 5 3 0
vt 6 4 0
vt 6 5 0
vt 5 6 0
vt 6 6 0
vt 7 5 0
vt 7 6 0
vt 6 3 0
vt 7 4 0
vt 8 5 0
vt 8 6 0
vt 7 7 0
vt 8 7 0
vt 9 6 0
vt 9 7 0
vt 8 4 0
vt 9 5 0
vt 10 6 0
vt 10 7 0
vt 9 8 0
vt 10 8 0
vt 11 7 0
vt 11 8 0
vt 10 5 0
vt 11 6 0
vt 12 7 0
vt 12 8 0
vt 11 9 0
vt 12 9 0
vt 13 8 0
vt 13 9 0
vt 12 6 0
vt 13 7 0
vt 14 8 0
vt 14 9 0
vt 13 10 0
vt 14 10 0
vt 15 9 0
vt 15 10 0
vt 14 7 0
vt 15 8 0
vt 16 9 0
vt 16 10 0
vt 15 11 0
vt 16 11 0
vt 17 10 0
vt 17 11 0
vt 16 8 0
vt 17 9 0
vt 18 10 0
vt 18 11 0
vt 17 12 0
vt 18 12 0
vt 19 11 0
vt 19 12 0
vt 18 9 0
vt 19 10 0
vt 20 11 0
vt 20 12 0
vt 19 13 0
vt 20 13 0
vt 21 12 0
vt 21 13 0
vt 20 10 0
vt 21 11 0
vt 19 9 0
vt 20 9 0
vt 21 10 0
vt 18 8 0
vt 19 8 0
vt 20 8 0
vt 21 9 0
vt 18 7 0
vt 19 7 0
vt 20 7 0
vt 21 8 0
vt 18 6 0
vt 19 6 0
vt 17 6 0
vt 17 7 0
vt 17 5 0
vt 18 5 0
vt 19 5 0
vt 20 6 0
vt 17 4 0
vt 18 4 0
vt 16 4 0
vt 16 5 0
vt 16 3 0
vt 17 3 0
vt 18 3 0
vt 19 4 0
vt 16 2 0
vt 17 2 0
vt 15 2 0
vt 15 3 0
vt 15 1 0
vt 16 1 0
vt 17 1 0
vt 18 2 0
vt 15 0.333333 0
vt 16 0.333333 0
vt 14 0.333333 0
vt 14 1 0
vt 14 0 0
vt 15 0 0
vt 16 0 0
vt 17 0.333333 0
vt 17 0 0
vt 18 0.333333 0
vt 18 1 0
vt 18 0 0
vt 19 0.333333 0
vt 19 1 0
vt 19 2 0
vt 20 1 0
vt 20 2 0
vt 19 3 0
vt 20 3 0
vt 20 4 0
vt 21 3 0
vt 21 4 0
vt 21 2 0
vt 21 1 0
vt 20 0.333333 0
vt 21 0.333333 0
vt 19 0 0
vt 20 0 0
vt 21 0 0
vt 21 5 0
vt 20 5 0
vt 21 6 0
vt 21 7 0
vt 13 0 0
vt 12 0 0
vt 13 0.333333 0
vt 12 0.333333 0
vt 13 1 0
vt 11 0 0
vt 11 0.333333 0
vt 12 1 0
vt 13 2 0
vt 14 2 0
vt 14 3 0
vt 12 2 0
vt 13 3 0
vt 11 1 0
vt 11 2 0
vt 12 3 0
vt 13 4 0
vt 14 4 0
vt 11 3 0
vt 12 4 0
vt 10 1 0
vt 10 2 0
vt 10 3 0
vt 11 4 0
vt 12 5 0
vt 13 5 0
vt 10 4 0
vt 11 5 0
vt 9 2 0
vt 9 3 0
vt 9 4 0
vt 8 3 0
vt 8 2 0
vt 7 2 0
vt 7 3 0
vt 6 2 0
vt 6 1 0
vt 7 1 0
vt 8 1 0
vt 6 0.333333 0
vt 7 0.333333 0
vt 5 0.333333 0
vt 5 1 0
vt 5 0 0
vt 6 0 0
vt 7 0 0
vt 8 0.333333 0
vt 8 0 0
vt 9 0.333333 0
vt 9 1 0
vt 9 0 0
vt 10 0.333333 0
vt 10 0 0
vt 4 0 0
vt 3 0 0
vt 4 0.333333 0
vt 3 0.333333 0
vt 4 1 0
vt 2 0 0
vt 3 1 0
vt 5 2 0
vt 13 6 0
vt 14 6 0
vt 14 5 0
vt 15 6 0
vt 15 7 0
vt 16 7 0
vt 15 5 0
vt 16 6 0
vt 15 4 0
vt 17 8 0
vt 21 14 0
vt 20 14 0
vt 21 15 0
vt 19 14 0
vt 20 15 0
vt 18 13 0
vt 18 14 0
vt 19 15 0
vt 20 16 0
vt 21 16 0
vt 18 15 0
vt 19 16 0
vt 17 13 0
vt 17 14 0
vt 17 15 0
vt 18 16 0
vt 19 17 0
vt 20 17 0
vt 17 16 0
vt 18 17 0
vt 16 14 0
vt 16 15 0
vt 16 16 0
vt 17 17 0
vt 18 18 0
vt 19 18 0
vt 16 17 0
vt 17 18 0
vt 15 15 0
vt 15 16 0
vt 15 17 0
vt 16 18 0
vt 17 19 0
vt 18 19 0
vt 15 18 0
vt 16 19 0
vt 14 16 0
vt 14 17 0
vt 14 18 0
vt 15 19 0
vt 16 20 0
vt 17 20 0
vt 14 19 0
vt 15 20 0
vt 13 17 0
vt 13 18 0
vt 13 19 0
vt 14 20 0
vt 15 21 0
vt 16 21 0
vt 13 20 0
vt 14 21 0
vt 15 22 0
vt 16 22 0
vt 13 21 0
vt 14 22 0
vt 12 20 0
vt 12 21 0
vt 13 22 0
vt 11 20 0
vt 11 21 0
vt 12 22 0
vt 10 20 0
vt 10 21 0
vt 11 22 0
vt 9 20 0
vt 9 21 0
vt 10 22 0
vt 8 20 0
vt 8 21 0
vt 9 22 0
vt 7 20 0
vt 7 21 0
vt 8 22 0
vt 6 19 0
vt 6 20 0
vt 7 19 0
vt 6 21 0
vt 7 22 0
vt 8 22.6667 0
vt 6 22 0
vt 7 22.6667 0
vt 5 20 0
vt 5 21 0
vt 5 22 0
vt 6 22.6667 0
vt 7 23 0
vt 8 23 0
vt 5 22.6667 0
vt 6 23 0
vt 4 21 0
vt 4 22 0
vt 4 22.6667 0
vt 5 23 0
vt 3 21 0
vt 3 22 0
vt 3 20 0
vt 4 20 0
vt 2 20 0
vt 2 21 0
vt 2 22 0
vt 3 22.6667 0
vt 1 20 0
vt 1 21 0
vt 1 22 0
vt 2 22.6667 0
vt 3 23 0
vt 4 23 0
vt 2 23 0
vt 1 22.6667 0
vt 1 23 0
vt 0 22 0
vt 0 22.6667 0
vt 0 23 0
vt -1 22 0
vt -1 22.6667 0
vt -1 23 0
vt 0 21 0
vt -1 20 0
vt -1 21 0
vt 0 20 0
vt -1 19 0
vt -1 18 0
vt 0 19 0
vt 0 18 0
vt 1 19 0
vt -1 17 0
vt 0 17 0
vt 1 18 0
vt 2 19 0
vt 1 17 0
vt 2 18 0
vt -1 16 0
vt 0 16 0
vt 1 16 0
vt 2 17 0
vt 3 18 0
vt 3 19 0
vt 2 16 0
vt 3 17 0
vt 0 15 0
vt 1 15 0
vt 2 15 0
vt 3 16 0
vt 4 17 0
vt 4 18 0
vt 3 15 0
vt 4 16 0
vt 1 14 0
vt 2 14 0
vt 3 14 0
vt 4 15 0
vt 5 16 0
vt 5 17 0
vt 4 14 0
vt 5 15 0
vt 2 13 0
vt 3 13 0
vt 4 13 0
vt 5 14 0
vt 6 15 0
vt 6 16 0
vt 5 13 0
vt 6 14 0
vt 3 12 0
vt 4 12 0
vt 5 12 0
vt 6 13 0
vt 7 14 0
vt 7 15 0
vt 6 12 0
vt 7 13 0
vt 4 11 0
vt 5 11 0
vt 6 11 0
vt 7 12 0
vt 8 13 0
vt 8 14 0
vt 7 11 0
vt 8 12 0
vt 5 10 0
vt 6 10 0
vt 7 10 0
vt 8 11 0
vt 9 12 0
vt 9 13 0
vt 8 10 0
vt 9 11 0
vt 6 9 0
vt 7 9 0
vt 8 9 0
vt 9 10 0
vt 10 11 0
vt 10 12 0
vt 9 9 0
vt 10 10 0
vt 7 8 0
vt 8 8 0
vt 10 9 0
vt 11 10 0
vt 11 11 0
vt 6 7 0
vt 5 7 0
vt 6 8 0
vt 4 6 0
vt 4 7 0
vt 5 8 0
vt 4 8 0
vt 5 9 0
vt 3 6 0
vt 3 7 0
vt 3 8 0
vt 4 9 0
vt 3 9 0
vt 4 10 0
vt 2 7 0
vt 2 8 0
vt 2 9 0
vt 3 10 0
vt 2 10 0
vt 3 11 0
vt 1 8 0
vt 1 9 0
vt 1 10 0
vt 2 11 0
vt 1 11 0
vt 2 12 0
vt 0 9 0
vt 0 10 0
vt 0 11 0
vt 1 12 0
vt 0 12 0
vt 1 13 0
vt -1 10 0
vt -1 11 0
vt -1 12 0
vt 0 13 0
vt -1 13 0
vt 0 14 0
vt -1 14 0
vt -1 15 0
vt -1 9 0
vt -1 8 0
vt 0 8 0
vt -1 7 0
vt 0 7 0
vt -1 6 0
vt 0 6 0
vt 1 7 0
vt 1 6 0
vt -1 5 0
vt 0 5 0
vt 1 5 0
vt 2 6 0
vt 2 5 0
vt -1 4 0
vt 12 10 0
vt 12 11 0
vt 13 11 0
vt 12 12 0
vt 13 12 0
vt 11 12 0
vt 12 13 0
vt 13 13 0
vt 14 12 0
vt 14 13 0
vt 13 14 0
vt 14 14 0
vt 11 13 0
vt 12 14 0
vt 13 15 0
vt 14 15 0
vt 15 14 0
vt 12 15 0
vt 13 16 0
vt 12 16 0
vt 11 14 0
vt 11 15 0
vt 11 16 0
vt 12 17 0
vt 11 17 0
vt 12 18 0
vt 10 15 0
vt 10 16 0
vt 10 17 0
vt 11 18 0
vt 12 19 0
vt 10 18 0
vt 11 19 0
vt 9 16 0
vt 9 17 0
vt 9 15 0
vt 8 15 0
vt 8 16 0
vt 8 17 0
vt 9 18 0
vt 7 16 0
vt 7 17 0
vt 6 17 0
vt 7 18 0
vt 8 18 0
vt 6 18 0
vt 8 19 0
vt 9 19 0
vt 5 18 0
vt 5 19 0
vt 4 19 0
vt 10 19 0
vt 9 14 0
vt 10 14 0
vt 10 13 0
vt 15 13 0
vt 15 12 0
vt 16 13 0
vt 16 12 0
vt 14 11 0
vt 9 22.6667 0
vt 9 23 0
vt 10 22.6667 0
vt 10 23 0
vt 11 22.6667 0
vt 11 23 0
vt 12 22.6667 0
vt 12 23 0
vt 13 22.6667 0
vt 13 23 0
vt 14 22.6667 0
vt 14 23 0
vt 15 22.6667 0
vt 15 23 0
vt 16 22.6667 0
vt 16 23 0
vt 17 22.6667 0
vt 17 23 0
vt 17 22 0
vt 18 22.6667 0
vt 18 23 0
vt 18 22 0
vt 19 22.6667 0
vt 19 23 0
vt 19 22 0
vt 20 22.6667 0
vt 20 23 0
vt 20 22 0
vt 21 22.6667 0
vt 21 23 0
vt 21 22 0
vt 17 21 0
vt 18 21 0
vt 18 20 0
vt 19 21 0
vt 19 20 0
vt 20 21 0
vt 19 19 0
vt 20 20 0
vt 20 19 0
vt 21 20 0
vt 21 21 0
vt 20 18 0
vt 21 19 0
vt 21 18 0
vt 21 17 0
f 1/1/1 2/2/2 3/3/3
f 1/1/1 3/3/3 4/4/4
f 2/2/2 5/5/5 3/3/3
f 4/4/4 3/3/3 6/6/6
f 4/4/4 6/6/6 7/7/7
f 3/3/3 8/8/8 6/6/6
f 7/7/7 6/6/6 9/9/9
f 3/3/3 5/5/5 8/8/8
f 2/2/2 10/10/10 5/5/5
f 10/10/10 11/11/11 5/5/5
f 10/10/10 12/12/12 11/11/11
f 12/12/12 13/13/13 11/11/11
f 5/5/5 11/11/11 14/14/14
f 11/11/11 13/13/13 15/15/15
f 11/11/11 15/15/15 14/14/14
f 12/12/12 16/16/16 13/13/13
f 16/16/16 17/17/17 13/13/13
f 13/13/13 17/17/17 18/18/18
f 13/13/13 18/18/18 15/15/15
f 14/14/14 15/15/15 19/19/19
f 5/5/5 14/14/14 8/8/8
f 8/8/8 14/14/14 20/20/20
f 14/14/14 19/19/19 20/20/20
f 15/15/15 21/21/21 19/19/19
f 20/20/20 19/19/19 22/22/22
f 19/19/19 21/21/21 23/23/23
f 19/19/19 23/23/23 22/22/22
f 8/8/8 20/20/20 24/24/24
f 24/24/24 20/20/20 25/25/25
f 20/20/20 22/22/22 25/25/25
f 25/25/25 22/22/22 26/26/26
f 22/22/22 23/23/23 27/27/27
f 22/22/22 27/27/27 26/26/26
f 21/21/21 28/28/28 23/23/23
f 23/23/23 28/28/28 29/29/29
f 23/23/23 29/29/29 27/27/27
f 26/26/26 27/27/27 30/30/30
f 27/27/27 29/29/29 31/31/31
f 27/27/27 31/31/31 30/30/30
f 25/25/25 26/26/26 32/32/32
f 32/32/32 26/26/26 33/33/33
f 26/26/26 30/30/30 33/33/33
f 33/33/33 30/30/30 34/34/34
f 30/30/30 31/31/31 35/35/35
f 30/30/30 35/35/35 34/34/34
f 29/29/29 36/36/36 31/31/31
f 31/31/31 36/36/36 37/37/37
f 31/31/31 37/37/37 35/35/35
f 34/34/34 35/35/35 38/38/38
f 35/35/35 37/37/37 39/39/39
f 35/35/35 39/39/39 38/38/38
f 33/33/33 34/34/34 40/40/40
f 40/40/40 34/34/34 41/41/41
f 34/34/34 38/38/38 41/41/41
f 41/41/41 38/38/38 42/42/42
f 38/38/38 39/39/39 43/43/43
f 38/38/38 43/43/43 42/42/42
f 37/37/37 44/44/44 39/39/39
f 39/39/39 44/44/44 45/45/45
f 39/39/39 45/45/45 43/43/43
f 42/42/42 43/43/43 46/46/46
f 43/43/43 45/45/45 47/47/47
f 43/43/43 47/47/47 46/46/46
f 41/41/41 42/42/42 48/48/48
f 48/48/48 42/42/42 49/49/49
f 42/42/42 46/46/46 49/49/49
f 49/49/49 46/46/46 50/50/50
f 46/46/46 47/47/47 51/51/51
f 46/46/46 51/51/51 50/50/50
f 45/45/45 52/52/52 47/47/47
f 47/47/47 52/52/52 53/53/53
f 47/47/47 53/53/53 51/51/51
f 50/50/50 51/51/51 54/54/54
f 51/51/51 53/53/53 55/55/55
f 51/51/51 55/55/55 54/54/54
f 49/49/49 50/50/50 56/56/56
f 56/56/56 50/50/50 57/57/57
f 50/50/50 54/54/54 57/57/57
f 57/57/57 54/54/54 58/58/58
f 54/54/54 55/55/55 59/59/59
f 54/54/54 59/59/59 58/58/58
f 53/53/53 60/60/60 55/55/55
f 55/55/55 60/60/60 61/61/61
f 55/55/55 61/61/61 59/59/59
f 58/58/58 59/59/59 62/62/62
f 59/59/59 61/61/61 63/63/63
f 59/59/59 63/63/63 62/62/62
f 57/57/57 58/58/58 64/64/64
f 64/64/64 58/58/58 65/65/65
f 58/58/58 62/62/62 65/65/65
f 65/65/65 62/62/62 66/66/66
f 62/62/62 63/63/63 67/67/67
f 62/62/62 67/67/67 66/66/66
f 61/61/61 68/68/68 63/63/63
f 63/63/63 68/68/68 69/69/69
f 63/63/63 69/69/69 67/67/67
f 66/66/66 67/67/67 70/70/70
f 67/67/67 69/69/69 71/71/71
f 67/67/67 71/71/71 70/70/70
f 65/65/65 66/66/66 72/72/72
f 72/72/72 66/66/66 73/73/73
f 66/66/66 70/70/70 73/73/73
f 73/73/73 70/70/70 74/74/74
f 70/70/70 71/71/71 75/75/75
f 70/70/70 75/75/75 74/74/74
f 69/69/69 76/76/76 71/71/71
f 71/71/71 76/76/76 77/77/77
f 71/71/71 77/77/77 75/75/75
f 74/74/74 75/75/75 78/78/78
f 75/75/75 77/77/77 79/79/79
f 75/75/75 79/79/79 78/78/78
f 73/73/73 74/74/74 80/80/80
f 80/80/80 74/74/74 81/81/81
f 74/74/74 78/78/78 81/81/81
f 81/81/81 78/78/78 82/82/82
f 78/78/78 79/79/79 83/83/83
f 78/78/78 83/83/83 82/82/82
f 77/77/77 84/84/84 79/79/79
f 79/79/79 84/84/84 85/85/85
f 79/79/79 85/85/85 83/83/83
f 82/82/82 83/83/83 86/86/86
f 83/83/83 85/85/85 87/87/87
f 83/83/83 87/87/87 86/86/86
f 81/81/81 82/82/82 88/88/88
f 88/88/88 82/82/82 89/89/89
f 82/82/82 86/86/86 89/89/89
f 89/89/89 86/86/86 90/90/90
f 86/86/86 87/87/87 91/91/91
f 86/86/86 91/91/91 90/90/90
f 85/85/85 92/92/92 87/87/87
f 87/87/87 92/92/92 93/93/93
f 87/87/87 93/93/93 91/91/91
f 90/90/90 91/91/91 94/94/94
f 91/91/91 93/93/93 95/95/95
f 91/91/91 95/95/95 94/94/94
f 89/89/89 90/90/90 96/96/96
f 96/96/96 90/90/90 97/97/97
f 90/90/90 94/94/94 97/97/97
f 98/98/98 89/89/89 96/96/96
f 98/98/98 96/96/96 99/99/99
f 99/99/99 96/96/96 100/100/100
f 96/96/96 97/97/97 100/100/100
f 101/101/101 88/88/88 98/98/98
f 101/101/101 98/98/98 102/102/102
f 88/88/88 89/89/89 98/98/98
f 102/102/102 98/98/98 99/99/99
f 102/102/102 99/99/99 103/103/103
f 103/103/103 99/99/99 104/104/104
f 99/99/99 100/100/100 104/104/104
f 105/105/105 101/101/101 102/102/102
f 105/105/105 102/102/102 106/106/106
f 106/106/106 102/102/102 103/103/103
f 106/106/106 103/103/103 107/107/107
f 107/107/107 103/103/103 108/108/108
f 103/103/103 104/104/104 108/108/108
f 109/109/109 105/105/105 106/106/106
f 109/109/109 106/106/106 110/110/110
f 110/110/110 106/106/106 107/107/107
f 111/111/111 112/112/112 105/105/105
f 111/111/111 105/105/105 109/109/109
f 112/112/112 101/101/101 105/105/105
f 113/113/113 111/111/111 109/109/109
f 113/113/113 109/109/109 114/114/114
f 114/114/114 109/109/109 110/110/110
f 114/114/114 110/110/110 115/115/115
f 115/115/115 110/110/110 116/116/116
f 110/110/110 107/107/107 116/116/116
f 117/117/117 113/113/113 114/114/114
f 117/117/117 114/114/114 118/118/118
f 118/118/118 114/114/114 115/115/115
f 119/119/119 120/120/120 113/113/113
f 119/119/119 113/113/113 117/117/117
f 120/120/120 111/111/111 113/113/113
f 121/121/121 119/119/119 117/117/117
f 121/121/121 117/117/117 122/122/122
f 122/122/122 117/117/117 118/118/118
f 122/122/122 118/118/118 123/123/123
f 123/123/123 118/118/118 124/124/124
f 118/118/118 115/115/115 124/124/124
f 125/125/125 121/121/121 122/122/122
f 125/125/125 122/122/122 126/126/126
f 126/126/126 122/122/122 123/123/123
f 127/127/127 128/128/128 121/121/121
f 127/127/127 121/121/121 125/125/125
f 128/128/128 119/119/119 121/121/121
f 129/129/129 127/127/127 125/125/125
f 129/129/129 125/125/125 130/130/130
f 130/130/130 125/125/125 126/126/126
f 130/130/130 126/126/126 131/131/131
f 131/131/131 126/126/126 132/132/132
f 126/126/126 123/123/123 132/132/132
f 133/133/133 129/129/129 130/130/130
f 133/133/133 130/130/130 134/134/134
f 134/134/134 130/130/130 131/131/131
f 135/135/135 136/136/136 129/129/129
f 135/135/135 129/129/129 133/133/133
f 136/136/136 127/127/127 129/129/129
f 137/137/137 135/135/135 133/133/133
f 137/137/137 133/133/133 138/138/138
f 138/138/138 133/133/133 134/134/134
f 138/138/138 134/134/134 139/139/139
f 139/139/139 134/134/134 140/140/140
f 134/134/134 131/131/131 140/140/140
f 139/139/139 140/140/140 141/141/141
f 141/141/141 140/140/140 142/142/142
f 140/140/140 131/131/131 143/143/143
f 140/140/140 143/143/143 142/142/142
f 141/141/141 142/142/142 144/144/144
f 144/144/144 142/142/142 145/145/145
f 142/142/142 143/143/143 146/146/146
f 142/142/142 146/146/146 145/145/145
f 131/131/131 132/132/132 143/143/143
f 143/143/143 132/132/132 147/147/147
f 143/143/143 147/147/147 146/146/146
f 145/145/145 146/146/146 148/148/148
f 146/146/146 147/147/147 149/149/149
f 146/146/146 149/149/149 148/148/148
f 132/132/132 150/150/150 147/147/147
f 147/147/147 150/150/150 151/151/151
f 147/147/147 151/151/151 149/149/149
f 132/132/132 123/123/123 150/150/150
f 123/123/123 124/124/124 150/150/150
f 150/150/150 124/124/124 152/152/152
f 150/150/150 152/152/152 151/151/151
f 149/149/149 151/151/151 153/153/153
f 151/151/151 152/152/152 154/154/154
f 151/151/151 154/154/154 153/153/153
f 148/148/148 149/149/149 155/155/155
f 149/149/149 153/153/153 155/155/155
f 148/148/148 155/155/155 156/156/156
f 157/157/157 148/148/148 156/156/156
f 157/157/157 156/156/156 158/158/158
f 159/159/159 145/145/145 157/157/157
f 159/159/159 157/157/157 160/160/160
f 145/145/145 148/148/148 157/157/157
f 160/160/160 157/157/157 158/158/158
f 160/160/160 158/158/158 161/161/161
f 144/144/144 145/145/145 159/159/159
f 152/152/152 162/162/162 154/154/154
f 124/124/124 163/163/163 152/152/152
f 152/152/152 163/163/163 162/162/162
f 163/163/163 164/164/164 162/162/162
f 124/124/124 115/115/115 163/163/163
f 115/115/115 116/116/116 163/163/163
f 163/163/163 116/116/116 164/164/164
f 116/116/116 165/165/165 164/164/164
f 116/116/116 107/107/107 165/165/165
f 107/107/107 108/108/108 165/165/165
f 166/166/166 135/135/135 137/137/137
f 167/167/167 168/168/168 166/166/166
f 166/166/166 168/168/168 135/135/135
f 168/168/168 136/136/136 135/135/135
f 167/167/167 169/169/169 168/168/168
f 169/169/169 170/170/170 168/168/168
f 168/168/168 170/170/170 136/136/136
f 171/171/171 169/169/169 167/167/167
f 171/171/171 172/172/172 169/169/169
f 172/172/172 173/173/173 169/169/169
f 169/169/169 173/173/173 170/170/170
f 173/173/173 174/174/174 170/170/170
f 170/170/170 174/174/174 175/175/175
f 170/170/170 175/175/175 136/136/136
f 136/136/136 175/175/175 127/127/127
f 174/174/174 176/176/176 175/175/175
f 175/175/175 176/176/176 128/128/128
f 175/175/175 128/128/128 127/127/127
f 173/173/173 177/177/177 174/174/174
f 177/177/177 178/178/178 174/174/174
f 174/174/174 178/178/178 176/176/176
f 172/172/172 179/179/179 173/173/173
f 179/179/179 177/177/177 173/173/173
f 179/179/179 180/180/180 177/177/177
f 180/180/180 181/181/181 177/177/177
f 177/177/177 181/181/181 178/178/178
f 181/181/181 182/182/182 178/178/178
f 178/178/178 182/182/182 183/183/183
f 178/178/178 183/183/183 176/176/176
f 180/180/180 184/184/184 181/181/181
f 184/184/184 185/185/185 181/181/181
f 181/181/181 185/185/185 182/182/182
f 186/186/186 187/187/187 180/180/180
f 186/186/186 180/180/180 179/179/179
f 187/187/187 184/184/184 180/180/180
f 187/187/187 188/188/188 184/184/184
f 188/188/188 189/189/189 184/184/184
f 184/184/184 189/189/189 185/185/185
f 189/189/189 190/190/190 185/185/185
f 185/185/185 190/190/190 191/191/191
f 185/185/185 191/191/191 182/182/182
f 188/188/188 192/192/192 189/189/189
f 192/192/192 193/193/193 189/189/189
f 189/189/189 193/193/193 190/190/190
f 194/194/194 195/195/195 188/188/188
f 194/194/194 188/188/188 187/187/187
f 195/195/195 192/192/192 188/188/188
f 195/195/195 196/196/196 192/192/192
f 196/196/196 56/56/56 192/192/192
f 192/192/192 56/56/56 193/193/193
f 56/56/56 57/57/57 193/193/193
f 193/193/193 57/57/57 64/64/64
f 193/193/193 64/64/64 190/190/190
f 196/196/196 49/49/49 56/56/56
f 197/197/197 48/48/48 196/196/196
f 197/197/197 196/196/196 195/195/195
f 48/48/48 49/49/49 196/196/196
f 198/198/198 197/197/197 195/195/195
f 198/198/198 195/195/195 194/194/194
f 199/199/199 200/200/200 197/197/197
f 199/199/199 197/197/197 198/198/198
f 200/200/200 48/48/48 197/197/197
f 200/200/200 41/41/41 48/48/48
f 201/201/201 40/40/40 200/200/200
f 201/201/201 200/200/200 199/199/199
f 40/40/40 41/41/41 200/200/200
f 202/202/202 201/201/201 199/199/199
f 202/202/202 199/199/199 203/203/203
f 203/203/203 199/199/199 198/198/198
f 203/203/203 198/198/198 204/204/204
f 204/204/204 198/198/198 194/194/194
f 205/205/205 202/202/202 203/203/203
f 205/205/205 203/203/203 206/206/206
f 206/206/206 203/203/203 204/204/204
f 207/207/207 208/208/208 202/202/202
f 207/207/207 202/202/202 205/205/205
f 208/208/208 201/201/201 202/202/202
f 209/209/209 207/207/207 205/205/205
f 209/209/209 205/205/205 210/210/210
f 210/210/210 205/205/205 206/206/206
f 210/210/210 206/206/206 211/211/211
f 211/211/211 206/206/206 212/212/212
f 206/206/206 204/204/204 212/212/212
f 211/211/211 212/212/212 213/213/213
f 213/213/213 212/212/212 214/214/214
f 212/212/212 204/204/204 215/215/215
f 212/212/212 215/215/215 214/214/214
f 213/213/213 214/214/214 216/216/216
f 216/216/216 214/214/214 217/217/217
f 214/214/214 215/215/215 186/186/186
f 214/214/214 186/186/186 217/217/217
f 204/204/204 194/194/194 215/215/215
f 215/215/215 194/194/194 187/187/187
f 215/215/215 187/187/187 186/186/186
f 217/217/217 186/186/186 179/179/179
f 216/216/216 217/217/217 218/218/218
f 218/218/218 217/217/217 172/172/172
f 217/217/217 179/179/179 172/172/172
f 218/218/218 172/172/172 171/171/171
f 219/219/219 207/207/207 209/209/209
f 220/220/220 221/221/221 219/219/219
f 219/219/219 221/221/221 207/207/207
f 221/221/221 208/208/208 207/207/207
f 220/220/220 222/222/222 221/221/221
f 222/222/222 223/223/223 221/221/221
f 221/221/221 223/223/223 208/208/208
f 224/224/224 222/222/222 220/220/220
f 224/224/224 9/9/9 222/222/222
f 9/9/9 225/225/225 222/222/222
f 222/222/222 225/225/225 223/223/223
f 225/225/225 32/32/32 223/223/223
f 223/223/223 32/32/32 226/226/226
f 223/223/223 226/226/226 208/208/208
f 208/208/208 226/226/226 201/201/201
f 32/32/32 33/33/33 226/226/226
f 226/226/226 33/33/33 40/40/40
f 226/226/226 40/40/40 201/201/201
f 225/225/225 25/25/25 32/32/32
f 9/9/9 24/24/24 225/225/225
f 24/24/24 25/25/25 225/225/225
f 6/6/6 8/8/8 24/24/24
f 6/6/6 24/24/24 9/9/9
f 7/7/7 9/9/9 224/224/224
f 190/190/190 64/64/64 227/227/227
f 190/190/190 227/227/227 191/191/191
f 64/64/64 65/65/65 227/227/227
f 191/191/191 227/227/227 228/228/228
f 227/227/227 65/65/65 72/72/72
f 227/227/227 72/72/72 228/228/228
f 182/182/182 191/191/191 229/229/229
f 191/191/191 228/228/228 229/229/229
f 229/229/229 228/228/228 230/230/230
f 228/228/228 72/72/72 231/231/231
f 228/228/228 231/231/231 230/230/230
f 72/72/72 73/73/73 231/231/231
f 230/230/230 231/231/231 232/232/232
f 231/231/231 73/73/73 80/80/80
f 231/231/231 80/80/80 232/232/232
f 229/229/229 230/230/230 233/233/233
f 233/233/233 230/230/230 234/234/234
f 230/230/230 232/232/232 234/234/234
f 182/182/182 229/229/229 183/183/183
f 183/183/183 229/229/229 233/233/233
f 183/183/183 233/233/233 235/235/235
f 235/235/235 233/233/233 120/120/120
f 233/233/233 234/234/234 120/120/120
f 120/120/120 234/234/234 111/111/111
f 234/234/234 232/232/232 112/112/112
f 234/234/234 112/112/112 111/111/111
f 235/235/235 120/120/120 119/119/119
f 176/176/176 183/183/183 235/235/235
f 176/176/176 235/235/235 128/128/128
f 128/128/128 235/235/235 119/119/119
f 232/232/232 236/236/236 112/112/112
f 112/112/112 236/236/236 101/101/101
f 232/232/232 80/80/80 236/236/236
f 80/80/80 81/81/81 236/236/236
f 236/236/236 81/81/81 88/88/88
f 236/236/236 88/88/88 101/101/101
f 93/93/93 237/237/237 95/95/95
f 92/92/92 238/238/238 93/93/93
f 93/93/93 238/238/238 237/237/237
f 238/238/238 239/239/239 237/237/237
f 92/92/92 240/240/240 238/238/238
f 240/240/240 241/241/241 238/238/238
f 238/238/238 241/241/241 239/239/239
f 85/85/85 242/242/242 92/92/92
f 242/242/242 240/240/240 92/92/92
f 242/242/242 243/243/243 240/240/240
f 243/243/243 244/244/244 240/240/240
f 240/240/240 244/244/244 241/241/241
f 244/244/244 245/245/245 241/241/241
f 241/241/241 245/245/245 246/246/246
f 241/241/241 246/246/246 239/239/239
f 243/243/243 247/247/247 244/244/244
f 247/247/247 248/248/248 244/244/244
f 244/244/244 248/248/248 245/245/245
f 249/249/249 250/250/250 243/243/243
f 249/249/249 243/243/243 242/242/242
f 250/250/250 247/247/247 243/243/243
f 250/250/250 251/251/251 247/247/247
f 251/251/251 252/252/252 247/247/247
f 247/247/247 252/252/252 248/248/248
f 252/252/252 253/253/253 248/248/248
f 248/248/248 253/253/253 254/254/254
f 248/248/248 254/254/254 245/245/245
f 251/251/251 255/255/255 252/252/252
f 255/255/255 256/256/256 252/252/252
f 252/252/252 256/256/256 253/253/253
f 257/257/257 258/258/258 251/251/251
f 257/257/257 251/251/251 250/250/250
f 258/258/258 255/255/255 251/251/251
f 258/258/258 259/259/259 255/255/255
f 259/259/259 260/260/260 255/255/255
f 255/255/255 260/260/260 256/256/256
f 260/260/260 261/261/261 256/256/256
f 256/256/256 261/261/261 262/262/262
f 256/256/256 262/262/262 253/253/253
f 259/259/259 263/263/263 260/260/260
f 263/263/263 264/264/264 260/260/260
f 260/260/260 264/264/264 261/261/261
f 265/265/265 266/266/266 259/259/259
f 265/265/265 259/259/259 258/258/258
f 266/266/266 263/263/263 259/259/259
f 266/266/266 267/267/267 263/263/263
f 267/267/267 268/268/268 263/263/263
f 263/263/263 268/268/268 264/264/264
f 268/268/268 269/269/269 264/264/264
f 264/264/264 269/269/269 270/270/270
f 264/264/264 270/270/270 261/261/261
f 267/267/267 271/271/271 268/268/268
f 271/271/271 272/272/272 268/268/268
f 268/268/268 272/272/272 269/269/269
f 273/273/273 274/274/274 267/267/267
f 273/273/273 267/267/267 266/266/266
f 274/274/274 271/271/271 267/267/267
f 274/274/274 275/275/275 271/271/271
f 275/275/275 276/276/276 271/271/271
f 271/271/271 276/276/276 272/272/272
f 276/276/276 277/277/277 272/272/272
f 272/272/272 277/277/277 278/278/278
f 272/272/272 278/278/278 269/269/269
f 275/275/275 279/279/279 276/276/276
f 279/279/279 280/280/280 276/276/276
f 276/276/276 280/280/280 277/277/277
f 281/281/281 282/282/282 275/275/275
f 281/281/281 275/275/275 274/274/274
f 282/282/282 279/279/279 275/275/275
f 282/282/282 283/283/283 279/279/279
f 279/279/279 284/284/284 280/280/280
f 284/284/284 285/285/285 280/280/280
f 280/280/280 285/285/285 286/286/286
f 280/280/280 286/286/286 277/277/277
f 283/283/283 287/287/287 284/284/284
f 283/283/283 284/284/284 279/279/279
f 287/287/287 288/288/288 284/284/284
f 284/284/284 288/288/288 285/285/285
f 288/288/288 289/289/289 285/285/285
f 285/285/285 289/289/289 290/290/290
f 285/285/285 290/290/290 286/286/286
f 287/287/287 291/291/291 288/288/288
f 291/291/291 292/292/292 288/288/288
f 288/288/288 292/292/292 289/289/289
f 293/293/293 294/294/294 291/291/291
f 293/293/293 291/291/291 287/287/287
f 294/294/294 295/295/295 291/291/291
f 291/291/291 295/295/295 292/292/292
f 296/296/296 294/294/294 293/293/293
f 296/296/296 297/297/297 294/294/294
f 297/297/297 298/298/298 294/294/294
f 294/294/294 298/298/298 295/295/295
f 299/299/299 297/297/297 296/296/296
f 299/299/299 300/300/300 297/297/297
f 300/300/300 301/301/301 297/297/297
f 297/297/297 301/301/301 298/298/298
f 302/302/302 300/300/300 299/299/299
f 302/302/302 303/303/303 300/300/300
f 303/303/303 304/304/304 300/300/300
f 300/300/300 304/304/304 301/301/301
f 305/305/305 303/303/303 302/302/302
f 305/305/305 306/306/306 303/303/303
f 306/306/306 307/307/307 303/303/303
f 303/303/303 307/307/307 304/304/304
f 308/308/308 309/309/309 306/306/306
f 308/308/308 306/306/306 305/305/305
f 309/309/309 310/310/310 306/306/306
f 306/306/306 310/310/310 307/307/307
f 311/311/311 312/312/312 308/308/308
f 311/311/311 308/308/308 313/313/313
f 312/312/312 309/309/309 308/308/308
f 313/313/313 308/308/308 305/305/305
f 312/312/312 314/314/314 309/309/309
f 314/314/314 315/315/315 309/309/309
f 309/309/309 315/315/315 310/310/310
f 315/315/315 316/316/316 310/310/310
f 314/314/314 317/317/317 315/315/315
f 317/317/317 318/318/318 315/315/315
f 315/315/315 318/318/318 316/316/316
f 319/319/319 320/320/320 314/314/314
f 319/319/319 314/314/314 312/312/312
f 320/320/320 317/317/317 314/314/314
f 320/320/320 321/321/321 317/317/317
f 321/321/321 322/322/322 317/317/317
f 317/317/317 322/322/322 318/318/318
f 322/322/322 323/323/323 318/318/318
f 318/318/318 323/323/323 324/324/324
f 318/318/318 324/324/324 316/316/316
f 321/321/321 325/325/325 322/322/322
f 325/325/325 326/326/326 322/322/322
f 322/322/322 326/326/326 323/323/323
f 327/327/327 328/328/328 321/321/321
f 327/327/327 321/321/321 320/320/320
f 328/328/328 325/325/325 321/321/321
f 328/328/328 329/329/329 325/325/325
f 329/329/329 330/330/330 325/325/325
f 325/325/325 330/330/330 326/326/326
f 331/331/331 332/332/332 328/328/328
f 331/331/331 328/328/328 327/327/327
f 332/332/332 329/329/329 328/328/328
f 333/333/333 331/331/331 327/327/327
f 333/333/333 327/327/327 334/334/334
f 334/334/334 327/327/327 320/320/320
f 335/335/335 336/336/336 331/331/331
f 335/335/335 331/331/331 333/333/333
f 336/336/336 332/332/332 331/331/331
f 336/336/336 337/337/337 332/332/332
f 332/332/332 338/338/338 329/329/329
f 339/339/339 340/340/340 336/336/336
f 339/339/339 336/336/336 335/335/335
f 340/340/340 337/337/337 336/336/336
f 340/340/340 341/341/341 337/337/337
f 337/337/337 342/342/342 338/338/338
f 337/337/337 338/338/338 332/332/332
f 342/342/342 343/343/343 338/338/338
f 338/338/338 343/343/343 344/344/344
f 338/338/338 344/344/344 329/329/329
f 342/342/342 345/345/345 343/343/343
f 341/341/341 346/346/346 342/342/342
f 341/341/341 342/342/342 337/337/337
f 346/346/346 345/345/345 342/342/342
f 346/346/346 347/347/347 345/345/345
f 348/348/348 349/349/349 346/346/346
f 348/348/348 346/346/346 341/341/341
f 349/349/349 347/347/347 346/346/346
f 349/349/349 350/350/350 347/347/347
f 351/351/351 352/352/352 349/349/349
f 351/351/351 349/349/349 348/348/348
f 352/352/352 350/350/350 349/349/349
f 352/352/352 353/353/353 350/350/350
f 329/329/329 344/344/344 330/330/330
f 354/354/354 348/348/348 341/341/341
f 354/354/354 341/341/341 340/340/340
f 355/355/355 356/356/356 354/354/354
f 355/355/355 354/354/354 357/357/357
f 356/356/356 348/348/348 354/354/354
f 357/357/357 354/354/354 340/340/340
f 356/356/356 351/351/351 348/348/348
f 357/357/357 340/340/340 339/339/339
f 358/358/358 355/355/355 357/357/357
f 359/359/359 358/358/358 360/360/360
f 358/358/358 357/357/357 360/360/360
f 360/360/360 357/357/357 339/339/339
f 359/359/359 360/360/360 361/361/361
f 361/361/361 360/360/360 362/362/362
f 360/360/360 339/339/339 362/362/362
f 363/363/363 359/359/359 361/361/361
f 363/363/363 361/361/361 364/364/364
f 364/364/364 361/361/361 365/365/365
f 361/361/361 362/362/362 365/365/365
f 365/365/365 362/362/362 366/366/366
f 362/362/362 339/339/339 335/335/335
f 362/362/362 335/335/335 366/366/366
f 364/364/364 365/365/365 367/367/367
f 367/367/367 365/365/365 368/368/368
f 365/365/365 366/366/366 368/368/368
f 369/369/369 363/363/363 364/364/364
f 369/369/369 364/364/364 370/370/370
f 370/370/370 364/364/364 367/367/367
f 370/370/370 367/367/367 371/371/371
f 371/371/371 367/367/367 372/372/372
f 367/367/367 368/368/368 372/372/372
f 372/372/372 368/368/368 373/373/373
f 368/368/368 366/366/366 374/374/374
f 368/368/368 374/374/374 373/373/373
f 371/371/371 372/372/372 375/375/375
f 375/375/375 372/372/372 376/376/376
f 372/372/372 373/373/373 376/376/376
f 377/377/377 370/370/370 371/371/371
f 377/377/377 371/371/371 378/378/378
f 378/378/378 371/371/371 375/375/375
f 378/378/378 375/375/375 379/379/379
f 379/379/379 375/375/375 380/380/380
f 375/375/375 376/376/376 380/380/380
f 380/380/380 376/376/376 381/381/381
f 376/376/376 373/373/373 382/382/382
f 376/376/376 382/382/382 381/381/381
f 379/379/379 380/380/380 383/383/383
f 383/383/383 380/380/380 384/384/384
f 380/380/380 381/381/381 384/384/384
f 385/385/385 378/378/378 379/379/379
f 385/385/385 379/379/379 386/386/386
f 386/386/386 379/379/379 383/383/383
f 386/386/386 383/383/383 387/387/387
f 387/387/387 383/383/383 388/388/388
f 383/383/383 384/384/384 388/388/388
f 388/388/388 384/384/384 389/389/389
f 384/384/384 381/381/381 390/390/390
f 384/384/384 390/390/390 389/389/389
f 387/387/387 388/388/388 391/391/391
f 391/391/391 388/388/388 392/392/392
f 388/388/388 389/389/389 392/392/392
f 393/393/393 386/386/386 387/387/387
f 393/393/393 387/387/387 394/394/394
f 394/394/394 387/387/387 391/391/391
f 394/394/394 391/391/391 395/395/395
f 395/395/395 391/391/391 396/396/396
f 391/391/391 392/392/392 396/396/396
f 396/396/396 392/392/392 397/397/397
f 392/392/392 389/389/389 398/398/398
f 392/392/392 398/398/398 397/397/397
f 395/395/395 396/396/396 399/399/399
f 399/399/399 396/396/396 400/400/400
f 396/396/396 397/397/397 400/400/400
f 401/401/401 394/394/394 395/395/395
f 401/401/401 395/395/395 402/402/402
f 402/402/402 395/395/395 399/399/399
f 402/402/402 399/399/399 403/403/403
f 403/403/403 399/399/399 404/404/404
f 399/399/399 400/400/400 404/404/404
f 404/404/404 400/400/400 405/405/405
f 400/400/400 397/397/397 406/406/406
f 400/400/400 406/406/406 405/405/405
f 403/403/403 404/404/404 407/407/407
f 407/407/407 404/404/404 408/408/408
f 404/404/404 405/405/405 408/408/408
f 409/409/409 402/402/402 403/403/403
f 409/409/409 403/403/403 410/410/410
f 410/410/410 403/403/403 407/407/407
f 410/410/410 407/407/407 411/411/411
f 411/411/411 407/407/407 412/412/412
f 407/407/407 408/408/408 412/412/412
f 412/412/412 408/408/408 413/413/413
f 408/408/408 405/405/405 414/414/414
f 408/408/408 414/414/414 413/413/413
f 411/411/411 412/412/412 415/415/415
f 415/415/415 412/412/412 416/416/416
f 412/412/412 413/413/413 416/416/416
f 417/417/417 410/410/410 411/411/411
f 417/417/417 411/411/411 418/418/418
f 418/418/418 411/411/411 415/415/415
f 418/418/418 415/415/415 419/419/419
f 419/419/419 415/415/415 420/420/420
f 415/415/415 416/416/416 420/420/420
f 420/420/420 416/416/416 421/421/421
f 416/416/416 413/413/413 422/422/422
f 416/416/416 422/422/422 421/421/421
f 419/419/419 420/420/420 423/423/423
f 423/423/423 420/420/420 424/424/424
f 420/420/420 421/421/421 424/424/424
f 425/425/425 418/418/418 419/419/419
f 425/425/425 419/419/419 426/426/426
f 426/426/426 419/419/419 423/423/423
f 426/426/426 423/423/423 427/427/427
f 427/427/427 423/423/423 428/428/428
f 423/423/423 424/424/424 428/428/428
f 428/428/428 424/424/424 429/429/429
f 424/424/424 421/421/421 430/430/430
f 424/424/424 430/430/430 429/429/429
f 427/427/427 428/428/428 431/431/431
f 431/431/431 428/428/428 432/432/432
f 428/428/428 429/429/429 432/432/432
f 433/433/433 426/426/426 427/427/427
f 433/433/433 427/427/427 434/434/434
f 434/434/434 427/427/427 431/431/431
f 434/434/434 431/431/431 52/52/52
f 52/52/52 431/431/431 435/435/435
f 431/431/431 432/432/432 435/435/435
f 435/435/435 432/432/432 436/436/436
f 432/432/432 429/429/429 437/437/437
f 432/432/432 437/437/437 436/436/436
f 52/52/52 435/435/435 53/53/53
f 53/53/53 435/435/435 60/60/60
f 435/435/435 436/436/436 60/60/60
f 45/45/45 434/434/434 52/52/52
f 44/44/44 433/433/433 434/434/434
f 44/44/44 434/434/434 45/45/45
f 37/37/37 438/438/438 44/44/44
f 438/438/438 433/433/433 44/44/44
f 36/36/36 438/438/438 37/37/37
f 36/36/36 439/439/439 438/438/438
f 439/439/439 440/440/440 438/438/438
f 438/438/438 440/440/440 433/433/433
f 29/29/29 441/441/441 36/36/36
f 441/441/441 439/439/439 36/36/36
f 441/441/441 442/442/442 439/439/439
f 442/442/442 443/443/443 439/439/439
f 439/439/439 443/443/443 440/440/440
f 443/443/443 425/425/425 440/440/440
f 440/440/440 425/425/425 426/426/426
f 440/440/440 426/426/426 433/433/433
f 442/442/442 444/444/444 443/443/443
f 444/444/444 445/445/445 443/443/443
f 443/443/443 445/445/445 425/425/425
f 446/446/446 447/447/447 442/442/442
f 446/446/446 442/442/442 441/441/441
f 447/447/447 444/444/444 442/442/442
f 447/447/447 448/448/448 444/444/444
f 448/448/448 449/449/449 444/444/444
f 444/444/444 449/449/449 445/445/445
f 449/449/449 417/417/417 445/445/445
f 445/445/445 417/417/417 418/418/418
f 445/445/445 418/418/418 425/425/425
f 448/448/448 450/450/450 449/449/449
f 450/450/450 451/451/451 449/449/449
f 449/449/449 451/451/451 417/417/417
f 452/452/452 453/453/453 448/448/448
f 452/452/452 448/448/448 447/447/447
f 453/453/453 450/450/450 448/448/448
f 453/453/453 454/454/454 450/450/450
f 454/454/454 455/455/455 450/450/450
f 450/450/450 455/455/455 451/451/451
f 455/455/455 409/409/409 451/451/451
f 451/451/451 409/409/409 410/410/410
f 451/451/451 410/410/410 417/417/417
f 454/454/454 456/456/456 455/455/455
f 456/456/456 457/457/457 455/455/455
f 455/455/455 457/457/457 409/409/409
f 458/458/458 459/459/459 454/454/454
f 458/458/458 454/454/454 453/453/453
f 459/459/459 456/456/456 454/454/454
f 459/459/459 460/460/460 456/456/456
f 460/460/460 461/461/461 456/456/456
f 456/456/456 461/461/461 457/457/457
f 461/461/461 401/401/401 457/457/457
f 457/457/457 401/401/401 402/402/402
f 457/457/457 402/402/402 409/409/409
f 460/460/460 462/462/462 461/461/461
f 462/462/462 463/463/463 461/461/461
f 461/461/461 463/463/463 401/401/401
f 464/464/464 465/465/465 460/460/460
f 464/464/464 460/460/460 459/459/459
f 465/465/465 462/462/462 460/460/460
f 465/465/465 466/466/466 462/462/462
f 466/466/466 467/467/467 462/462/462
f 462/462/462 467/467/467 463/463/463
f 467/467/467 393/393/393 463/463/463
f 463/463/463 393/393/393 394/394/394
f 463/463/463 394/394/394 401/401/401
f 466/466/466 468/468/468 467/467/467
f 468/468/468 469/469/469 467/467/467
f 467/467/467 469/469/469 393/393/393
f 470/470/470 471/471/471 466/466/466
f 470/470/470 466/466/466 465/465/465
f 471/471/471 468/468/468 466/466/466
f 471/471/471 472/472/472 468/468/468
f 472/472/472 473/473/473 468/468/468
f 468/468/468 473/473/473 469/469/469
f 473/473/473 385/385/385 469/469/469
f 469/469/469 385/385/385 386/386/386
f 469/469/469 386/386/386 393/393/393
f 472/472/472 474/474/474 473/473/473
f 474/474/474 475/475/475 473/473/473
f 473/473/473 475/475/475 385/385/385
f 475/475/475 378/378/378 385/385/385
f 474/474/474 476/476/476 475/475/475
f 476/476/476 377/377/377 475/475/475
f 475/475/475 377/377/377 378/378/378
f 476/476/476 477/477/477 377/377/377
f 477/477/477 370/370/370 377/377/377
f 477/477/477 369/369/369 370/370/370
f 478/478/478 470/470/470 465/465/465
f 478/478/478 465/465/465 464/464/464
f 479/479/479 478/478/478 464/464/464
f 479/479/479 464/464/464 480/480/480
f 480/480/480 464/464/464 459/459/459
f 481/481/481 479/479/479 480/480/480
f 481/481/481 480/480/480 482/482/482
f 482/482/482 480/480/480 458/458/458
f 480/480/480 459/459/459 458/458/458
f 483/483/483 481/481/481 482/482/482
f 483/483/483 482/482/482 484/484/484
f 484/484/484 482/482/482 485/485/485
f 482/482/482 458/458/458 485/485/485
f 485/485/485 458/458/458 453/453/453
f 484/484/484 485/485/485 486/486/486
f 486/486/486 485/485/485 452/452/452
f 485/485/485 453/453/453 452/452/452
f 487/487/487 483/483/483 484/484/484
f 487/487/487 484/484/484 488/488/488
f 488/488/488 484/484/484 486/486/486
f 488/488/488 486/486/486 489/489/489
f 489/489/489 486/486/486 490/490/490
f 486/486/486 452/452/452 490/490/490
f 490/490/490 452/452/452 447/447/447
f 489/489/489 490/490/490 491/491/491
f 491/491/491 490/490/490 446/446/446
f 490/490/490 447/447/447 446/446/446
f 17/17/17 488/488/488 489/489/489
f 17/17/17 489/489/489 18/18/18
f 18/18/18 489/489/489 491/491/491
f 492/492/492 487/487/487 488/488/488
f 492/492/492 488/488/488 17/17/17
f 16/16/16 492/492/492 17/17/17
f 18/18/18 491/491/491 21/21/21
f 21/21/21 491/491/491 28/28/28
f 491/491/491 446/446/446 28/28/28
f 28/28/28 446/446/446 441/441/441
f 28/28/28 441/441/441 29/29/29
f 15/15/15 18/18/18 21/21/21
f 60/60/60 436/436/436 493/493/493
f 60/60/60 493/493/493 61/61/61
f 436/436/436 437/437/437 494/494/494
f 436/436/436 494/494/494 493/493/493
f 61/61/61 493/493/493 68/68/68
f 493/493/493 494/494/494 495/495/495
f 493/493/493 495/495/495 68/68/68
f 437/437/437 496/496/496 494/494/494
f 494/494/494 496/496/496 497/497/497
f 494/494/494 497/497/497 495/495/495
f 429/429/429 498/498/498 437/437/437
f 437/437/437 498/498/498 496/496/496
f 498/498/498 499/499/499 496/496/496
f 496/496/496 499/499/499 500/500/500
f 496/496/496 500/500/500 497/497/497
f 495/495/495 497/497/497 501/501/501
f 497/497/497 500/500/500 502/502/502
f 497/497/497 502/502/502 501/501/501
f 499/499/499 503/503/503 500/500/500
f 500/500/500 503/503/503 504/504/504
f 500/500/500 504/504/504 502/502/502
f 498/498/498 505/505/505 499/499/499
f 505/505/505 506/506/506 499/499/499
f 499/499/499 506/506/506 503/503/503
f 506/506/506 507/507/507 503/503/503
f 503/503/503 507/507/507 508/508/508
f 503/503/503 508/508/508 504/504/504
f 502/502/502 504/504/504 509/509/509
f 504/504/504 508/508/508 265/265/265
f 504/504/504 265/265/265 509/509/509
f 507/507/507 273/273/273 508/508/508
f 508/508/508 273/273/273 266/266/266
f 508/508/508 266/266/266 265/265/265
f 506/506/506 510/510/510 507/507/507
f 510/510/510 511/511/511 507/507/507
f 507/507/507 511/511/511 273/273/273
f 511/511/511 274/274/274 273/273/273
f 510/510/510 512/512/512 511/511/511
f 512/512/512 281/281/281 511/511/511
f 511/511/511 281/281/281 274/274/274
f 513/513/513 514/514/514 510/510/510
f 513/513/513 510/510/510 506/506/506
f 514/514/514 512/512/512 510/510/510
f 514/514/514 515/515/515 512/512/512
f 515/515/515 516/516/516 512/512/512
f 512/512/512 516/516/516 281/281/281
f 516/516/516 282/282/282 281/281/281
f 515/515/515 517/517/517 516/516/516
f 517/517/517 518/518/518 516/516/516
f 516/516/516 518/518/518 282/282/282
f 519/519/519 520/520/520 515/515/515
f 519/519/519 515/515/515 514/514/514
f 520/520/520 517/517/517 515/515/515
f 520/520/520 521/521/521 517/517/517
f 521/521/521 522/522/522 517/517/517
f 517/517/517 522/522/522 518/518/518
f 522/522/522 523/523/523 518/518/518
f 521/521/521 524/524/524 522/522/522
f 524/524/524 525/525/525 522/522/522
f 522/522/522 525/525/525 523/523/523
f 526/526/526 527/527/527 521/521/521
f 526/526/526 521/521/521 520/520/520
f 527/527/527 524/524/524 521/521/521
f 528/528/528 526/526/526 520/520/520
f 528/528/528 520/520/520 519/519/519
f 529/529/529 530/530/530 526/526/526
f 529/529/529 526/526/526 528/528/528
f 530/530/530 527/527/527 526/526/526
f 530/530/530 531/531/531 527/527/527
f 531/531/531 532/532/532 527/527/527
f 527/527/527 532/532/532 524/524/524
f 406/406/406 533/533/533 530/530/530
f 406/406/406 530/530/530 529/529/529
f 533/533/533 531/531/531 530/530/530
f 405/405/405 406/406/406 529/529/529
f 405/405/405 529/529/529 414/414/414
f 414/414/414 529/529/529 528/528/528
f 397/397/397 533/533/533 406/406/406
f 397/397/397 398/398/398 533/533/533
f 398/398/398 534/534/534 533/533/533
f 533/533/533 534/534/534 531/531/531
f 389/389/389 535/535/535 398/398/398
f 398/398/398 535/535/535 534/534/534
f 535/535/535 536/536/536 534/534/534
f 534/534/534 536/536/536 537/537/537
f 534/534/534 537/537/537 531/531/531
f 389/389/389 390/390/390 535/535/535
f 390/390/390 538/538/538 535/535/535
f 535/535/535 538/538/538 536/536/536
f 538/538/538 313/313/313 536/536/536
f 536/536/536 313/313/313 539/539/539
f 536/536/536 539/539/539 537/537/537
f 531/531/531 537/537/537 532/532/532
f 537/537/537 539/539/539 540/540/540
f 537/537/537 540/540/540 532/532/532
f 313/313/313 305/305/305 539/539/539
f 539/539/539 305/305/305 302/302/302
f 539/539/539 302/302/302 540/540/540
f 538/538/538 311/311/311 313/313/313
f 390/390/390 541/541/541 538/538/538
f 541/541/541 311/311/311 538/538/538
f 381/381/381 541/541/541 390/390/390
f 381/381/381 382/382/382 541/541/541
f 382/382/382 542/542/542 541/541/541
f 541/541/541 542/542/542 311/311/311
f 542/542/542 312/312/312 311/311/311
f 382/382/382 543/543/543 542/542/542
f 543/543/543 319/319/319 542/542/542
f 542/542/542 319/319/319 312/312/312
f 373/373/373 543/543/543 382/382/382
f 373/373/373 374/374/374 543/543/543
f 374/374/374 334/334/334 543/543/543
f 543/543/543 334/334/334 319/319/319
f 334/334/334 320/320/320 319/319/319
f 374/374/374 333/333/333 334/334/334
f 366/366/366 333/333/333 374/374/374
f 366/366/366 335/335/335 333/333/333
f 532/532/532 540/540/540 544/544/544
f 540/540/540 302/302/302 299/299/299
f 540/540/540 299/299/299 544/544/544
f 532/532/532 544/544/544 524/524/524
f 524/524/524 544/544/544 525/525/525
f 544/544/544 299/299/299 296/296/296
f 544/544/544 296/296/296 525/525/525
f 525/525/525 296/296/296 293/293/293
f 525/525/525 293/293/293 523/523/523
f 523/523/523 293/293/293 287/287/287
f 518/518/518 523/523/523 283/283/283
f 523/523/523 287/287/287 283/283/283
f 518/518/518 283/283/283 282/282/282
f 414/414/414 528/528/528 545/545/545
f 545/545/545 528/528/528 519/519/519
f 413/413/413 414/414/414 545/545/545
f 413/413/413 545/545/545 422/422/422
f 422/422/422 545/545/545 546/546/546
f 545/545/545 519/519/519 546/546/546
f 546/546/546 519/519/519 514/514/514
f 422/422/422 546/546/546 547/547/547
f 547/547/547 546/546/546 513/513/513
f 546/546/546 514/514/514 513/513/513
f 421/421/421 422/422/422 547/547/547
f 421/421/421 547/547/547 430/430/430
f 430/430/430 547/547/547 505/505/505
f 547/547/547 513/513/513 505/505/505
f 505/505/505 513/513/513 506/506/506
f 430/430/430 505/505/505 498/498/498
f 429/429/429 430/430/430 498/498/498
f 509/509/509 265/265/265 258/258/258
f 502/502/502 509/509/509 548/548/548
f 548/548/548 509/509/509 257/257/257
f 509/509/509 258/258/258 257/257/257
f 501/501/501 502/502/502 548/548/548
f 501/501/501 548/548/548 549/549/549
f 549/549/549 548/548/548 550/550/550
f 548/548/548 257/257/257 550/550/550
f 550/550/550 257/257/257 250/250/250
f 549/549/549 550/550/550 551/551/551
f 551/551/551 550/550/550 249/249/249
f 550/550/550 250/250/250 249/249/249
f 552/552/552 501/501/501 549/549/549
f 552/552/552 549/549/549 76/76/76
f 76/76/76 549/549/549 551/551/551
f 495/495/495 501/501/501 552/552/552
f 68/68/68 495/495/495 552/552/552
f 68/68/68 552/552/552 69/69/69
f 69/69/69 552/552/552 76/76/76
f 76/76/76 551/551/551 77/77/77
f 77/77/77 551/551/551 84/84/84
f 551/551/551 249/249/249 84/84/84
f 84/84/84 249/249/249 242/242/242
f 84/84/84 242/242/242 85/85/85
f 310/310/310 316/316/316 553/553/553
f 316/316/316 324/324/324 554/554/554
f 316/316/316 554/554/554 553/553/553
f 310/310/310 553/553/553 307/307/307
f 307/307/307 553/553/553 555/555/555
f 553/553/553 554/554/554 556/556/556
f 553/553/553 556/556/556 555/555/555
f 307/307/307 555/555/555 304/304/304
f 304/304/304 555/555/555 557/557/557
f 555/555/555 556/556/556 558/558/558
f 555/555/555 558/558/558 557/557/557
f 304/304/304 557/557/557 301/301/301
f 301/301/301 557/557/557 559/559/559
f 557/557/557 558/558/558 560/560/560
f 557/557/557 560/560/560 559/559/559
f 301/301/301 559/559/559 298/298/298
f 298/298/298 559/559/559 561/561/561
f 559/559/559 560/560/560 562/562/562
f 559/559/559 562/562/562 561/561/561
f 298/298/298 561/561/561 295/295/295
f 295/295/295 561/561/561 563/563/563
f 561/561/561 562/562/562 564/564/564
f 561/561/561 564/564/564 563/563/563
f 295/295/295 563/563/563 292/292/292
f 292/292/292 563/563/563 565/565/565
f 563/563/563 564/564/564 566/566/566
f 563/563/563 566/566/566 565/565/565
f 292/292/292 565/565/565 289/289/289
f 289/289/289 565/565/565 567/567/567
f 565/565/565 566/566/566 568/568/568
f 565/565/565 568/568/568 567/567/567
f 289/289/289 567/567/567 290/290/290
f 290/290/290 567/567/567 569/569/569
f 567/567/567 568/568/568 570/570/570
f 567/567/567 570/570/570 569/569/569
f 290/290/290 569/569/569 571/571/571
f 571/571/571 569/569/569 572/572/572
f 569/569/569 570/570/570 573/573/573
f 569/569/569 573/573/573 572/572/572
f 571/571/571 572/572/572 574/574/574
f 574/574/574 572/572/572 575/575/575
f 572/572/572 573/573/573 576/576/576
f 572/572/572 576/576/576 575/575/575
f 574/574/574 575/575/575 577/577/577
f 577/577/577 575/575/575 578/578/578
f 575/575/575 576/576/576 579/579/579
f 575/575/575 579/579/579 578/578/578
f 577/577/577 578/578/578 580/580/580
f 580/580/580 578/578/578 581/581/581
f 578/578/578 579/579/579 582/582/582
f 578/578/578 582/582/582 581/581/581
f 580/580/580 581/581/581 583/583/583
f 277/277/277 286/286/286 584/584/584
f 286/286/286 290/290/290 571/571/571
f 286/286/286 571/571/571 584/584/584
f 277/277/277 584/584/584 278/278/278
f 278/278/278 584/584/584 585/585/585
f 584/584/584 571/571/571 574/574/574
f 584/584/584 574/574/574 585/585/585
f 269/269/269 278/278/278 586/586/586
f 278/278/278 585/585/585 586/586/586
f 586/586/586 585/585/585 587/587/587
f 585/585/585 574/574/574 577/577/577
f 585/585/585 577/577/577 587/587/587
f 269/269/269 586/586/586 270/270/270
f 270/270/270 586/586/586 588/588/588
f 586/586/586 587/587/587 588/588/588
f 588/588/588 587/587/587 589/589/589
f 587/587/587 577/577/577 580/580/580
f 587/587/587 580/580/580 589/589/589
f 270/270/270 588/588/588 590/590/590
f 590/590/590 588/588/588 591/591/591
f 588/588/588 589/589/589 591/591/591
f 261/261/261 270/270/270 590/590/590
f 261/261/261 590/590/590 262/262/262
f 262/262/262 590/590/590 592/592/592
f 590/590/590 591/591/591 592/592/592
f 592/592/592 591/591/591 593/593/593
f 591/591/591 589/589/589 594/594/594
f 591/591/591 594/594/594 593/593/593
f 262/262/262 592/592/592 595/595/595
f 595/595/595 592/592/592 596/596/596
f 592/592/592 593/593/593 596/596/596
f 253/253/253 262/262/262 595/595/595
f 253/253/253 595/595/595 254/254/254
f 254/254/254 595/595/595 597/597/597
f 595/595/595 596/596/596 597/597/597
f 245/245/245 254/254/254 598/598/598
f 254/254/254 597/597/597 598/598/598
f 245/245/245 598/598/598 246/246/246
f 589/589/589 583/583/583 594/594/594
f 589/589/589 580/580/580 583/583/583
f 161/161/161 158/158/158 2/2/2
f 161/161/161 2/2/2 1/1/1
f 158/158/158 156/156/156 10/10/10
f 158/158/158 10/10/10 2/2/2
f 156/156/156 155/155/155 12/12/12
f 156/156/156 12/12/12 10/10/10
f 155/155/155 153/153/153 16/16/16
f 155/155/155 16/16/16 12/12/12
f 153/153/153 154/154/154 492/492/492
f 153/153/153 492/492/492 16/16/16
f 154/154/154 162/162/162 487/487/487
f 154/154/154 487/487/487 492/492/492
f 162/162/162 164/164/164 483/483/483
f 162/162/162 483/483/483 487/487/487
f 164/164/164 165/165/165 481/481/481
f 164/164/164 481/481/481 483/483/483
f 165/165/165 108/108/108 479/479/479
f 165/165/165 479/479/479 481/481/481
f 108/108/108 104/104/104 478/478/478
f 108/108/108 478/478/478 479/479/479
f 104/104/104 100/100/100 470/470/470
f 104/104/104 470/470/470 478/478/478
f 100/100/100 97/97/97 471/471/471
f 100/100/100 471/471/471 470/470/470
f 97/97/97 94/94/94 472/472/472
f 97/97/97 472/472/472 471/471/471
f 94/94/94 95/95/95 474/474/474
f 94/94/94 474/474/474 472/472/472
f 95/95/95 237/237/237 476/476/476
f 95/95/95 476/476/476 474/474/474
f 237/237/237 239/239/239 477/477/477
f 237/237/237 477/477/477 476/476/476
f 239/239/239 246/246/246 369/369/369
f 239/239/239 369/369/369 477/477/477
f 246/246/246 598/598/598 363/363/363
f 246/246/246 363/363/363 369/369/369
f 598/598/598 597/597/597 359/359/359
f 598/598/598 359/359/359 363/363/363
f 597/597/597 596/596/596 358/358/358
f 597/597/597 358/358/358 359/359/359
f 596/596/596 593/593/593 355/355/355
f 596/596/596 355/355/355 358/358/358
f 593/593/593 594/594/594 356/356/356
f 593/593/593 356/356/356 355/355/355
f 594/594/594 583/583/583 351/351/351
f 594/594/594 351/351/351 356/356/356
f 583/583/583 581/581/581 352/352/352
f 583/583/583 352/352/352 351/351/351
f 581/581/581 582/582/582 353/353/353
f 581/581/581 353/353/353 352/352/352
