# 598 vertex positions
v  10.1464 1.36925 3.43807
v  10.139 1.36558 3.42783
v  10.1496 1.3549 3.44263
v  10.1541 1.36192 3.45053
v  10.1466 1.33444 3.43212
v  10.162 1.34838 3.4598
v  10.163 1.35871 3.46379
v  10.1633 1.3295 3.45793
v  10.1841 1.35432 3.48948
v  10.1316 1.34559 3.40727
v  10.1765 1.28792 3.42772
v  10.1491 1.30671 3.3855
v  10.1985 1.26663 3.40581
v  10.2075 1.27943 3.47319
v  10.2308 1.2641 3.45592
v  10.1702 1.286 3.35857
v  10.2573 1.17994 3.36888
v  10.3108 1.17228 3.45091
v  10.2869 1.28843 3.53764
v  10.2618 1.29814 3.54755
v  10.4049 1.21717 3.58445
v  10.29 1.29184 3.54165
v  10.4102 1.22552 3.59089
v  10.1927 1.3409 3.49871
v  10.2647 1.30126 3.55124
v  10.3097 1.33266 3.56434
v  10.4431 1.29254 3.6281
v  10.7766 1.05356 3.57328
v  10.8398 1.18439 3.6439
v  10.4674 1.34529 3.65512
v  10.8865 1.28521 3.69531
v  10.2838 1.33895 3.57188
v  10.3244 1.36477 3.58084
v  10.4682 1.41029 3.64431
v  10.888 1.40948 3.67469
v  11.322 1.22533 3.62388
v  11.3242 1.39139 3.59611
v  10.897 1.66538 3.64117
v  11.3364 1.73337 3.55099
v  10.3249 1.40429 3.57424
v  10.4729 1.54411 3.6267
v  10.8865 1.69266 3.62048
v  11.3227 1.76979 3.52304
v  11.863 1.72331 3.32191
v  11.846 1.76392 3.29234
v  11.1512 1.99165 3.21743
v  11.6355 2.0125 2.96952
v  10.4674 1.55837 3.61582
v  10.7558 1.85903 3.39433
v  11.0109 2.01056 2.99794
v  11.4649 2.03545 2.73809
v  12.1109 1.98937 2.66551
v  11.9296 2.01358 2.42394
v  11.3227 2.02126 2.55091
v  11.7786 1.99898 2.22857
v  10.6491 1.87348 3.23194
v  10.8938 1.9963 2.82036
v  11.2317 1.95796 2.4403
v  11.6821 1.93301 2.11312
v  12.2546 1.95437 1.84856
v  12.1434 1.88877 1.74294
v  11.6683 1.90828 2.09916
v  12.1277 1.86375 1.73026
v  10.8185 1.93832 2.71527
v  11.2187 1.93427 2.42692
v  11.6523 1.8774 2.08341
v  12.1095 1.83248 1.71598
v  12.4936 1.82294 1.39299
v  12.4735 1.7915 1.37989
v  12.0735 1.77011 1.68732
v  12.4334 1.72882 1.35381
v  11.2036 1.90468 2.41183
v  11.6203 1.81584 2.05209
v  12.0162 1.6332 1.64913
v  12.3712 1.59074 1.31833
v  12.8585 1.68044 0.79627
v  12.7847 1.54006 0.775903
v  12.2998 1.46343 1.27377
v  12.7007 1.41091 0.747714
v  11.5706 1.6809 2.00862
v  11.9514 1.50671 1.60058
v  12.237 1.18443 1.25626
v  12.6303 1.1248 0.739431
v  13.1415 1.32753 -0.0286357
v  13.0697 1.04351 -0.0343838
v  12.6645 0.914454 0.776662
v  13.1043 0.834397 0.00206541
v  11.8939 1.23057 1.57962
v  12.263 0.981344 1.30453
v  12.6771 0.766679 0.797208
v  13.1171 0.687507 0.0222181
v  13.1653 0.796516 -0.576862
v  13.1805 0.648508 -0.564425
v  13.1213 0.645014 0.0282819
v  13.1855 0.60568 -0.560745
v  12.2717 0.838386 1.33033
v  12.6812 0.723932 0.803393
v  11.9154 1.03054 1.63064
v  11.9219 0.889609 1.65773
v  12.2746 0.797044 1.33814
v  11.4604 1.28524 1.93121
v  11.4769 1.08997 1.98555
v  11.4811 0.952255 2.0142
v  11.9242 0.848859 1.66594
v  11.0221 1.33742 2.26597
v  11.0374 1.15047 2.31803
v  11.0412 1.01861 2.34547
v  11.4827 0.912441 2.02289
v  10.6419 1.37699 2.54836
v  10.6532 1.20871 2.59724
v  10.6873 1.61121 2.56887
v  11.0723 1.59689 2.28889
v  10.4043 1.57587 2.91162
v  10.3691 1.39995 2.89947
v  10.3779 1.27391 2.93574
v  10.6554 1.08994 2.62292
v  10.2158 1.49735 3.24309
v  10.1976 1.40508 3.23739
v  10.2334 1.53929 3.26241
v  10.4379 1.65646 2.94846
v  10.1842 1.48321 3.34069
v  10.1737 1.45765 3.32877
v  10.1626 1.40101 3.3251
v  10.2021 1.33932 3.25639
v  10.1611 1.47768 3.36985
v  10.151 1.45419 3.35943
v  10.1691 1.503 3.37951
v  10.1928 1.51043 3.35218
v  10.1428 1.45613 3.40513
v  10.1379 1.44303 3.39811
v  10.1322 1.43004 3.39158
v  10.1403 1.40284 3.35631
v  10.1462 1.43158 3.42457
v  10.1421 1.42206 3.42106
v  10.1484 1.43643 3.42633
v  10.1462 1.46322 3.40853
v  10.1537 1.42714 3.43828
v  10.1521 1.42361 3.43667
v  10.1489 1.41638 3.43335
v  10.1381 1.41333 3.41794
v  10.1459 1.4096 3.43022
v  10.1348 1.39526 3.41896
v  10.1268 1.399 3.38953
v  10.1437 1.39451 3.42963
v  10.1361 1.38315 3.42246
v  10.1282 1.37709 3.39574
v  10.1431 1.36627 3.36674
v  10.1285 1.36177 3.39921
v  10.1438 1.34042 3.37215
v  10.1652 1.36067 3.33677
v  10.1658 1.33223 3.34294
v  10.2031 1.29291 3.26636
v  10.166 1.32402 3.34483
v  10.2034 1.27948 3.26938
v  10.144 1.33291 3.37377
v  10.1286 1.35742 3.40033
v  10.1365 1.37437 3.42394
v  10.1366 1.37168 3.42426
v  10.1445 1.38379 3.43269
v  10.1446 1.37622 3.43429
v  10.1447 1.37403 3.43478
v  10.3804 1.15928 2.96061
v  10.3797 1.18498 2.95481
v  10.6563 1.0556 2.63072
v  11.0426 0.980487 2.35381
v  10.1546 1.42885 3.43918
v  10.1553 1.43021 3.43997
v  10.1495 1.43878 3.42731
v  10.1505 1.44067 3.42818
v  10.1478 1.46646 3.41038
v  10.1603 1.43388 3.44651
v  10.1573 1.44635 3.43636
v  10.1492 1.46906 3.412
v  10.1781 1.5209 3.38835
v  10.1752 1.515 3.38531
v  10.1991 1.52353 3.35868
v  10.1805 1.52563 3.39105
v  10.2021 1.52992 3.36211
v  10.1587 1.47568 3.42489
v  10.1979 1.53845 3.41349
v  10.2047 1.53503 3.36516
v  10.263 1.61607 3.29703
v  10.2581 1.60559 3.29145
v  10.2226 1.54877 3.39017
v  10.2674 1.62448 3.30197
v  10.1736 1.47663 3.44634
v  10.2249 1.5417 3.45158
v  10.2505 1.55204 3.43238
v  10.2972 1.64714 3.34276
v  10.5029 1.81981 3.02283
v  10.4946 1.80375 3.0134
v  10.3436 1.65269 3.41173
v  10.5601 1.86305 3.10056
v  10.2574 1.53768 3.4988
v  10.2838 1.54738 3.48449
v  10.3993 1.64526 3.49702
v  10.3246 1.49441 3.55696
v  10.2974 1.48877 3.56481
v  10.3007 1.48074 3.57087
v  10.3279 1.48573 3.56358
v  10.2983 1.40532 3.58082
v  10.2125 1.39969 3.51664
v  10.2142 1.44116 3.51159
v  10.2126 1.44563 3.50838
v  10.1991 1.39717 3.5032
v  10.1994 1.42718 3.49866
v  10.1989 1.38236 3.50564
v  10.2123 1.37968 3.51993
v  10.189 1.3846 3.49663
v  10.1891 1.39518 3.49488
v  10.1898 1.41697 3.49205
v  10.198 1.43031 3.49609
v  10.1889 1.4193 3.4903
v  10.1814 1.44862 3.46934
v  10.1911 1.47336 3.47247
v  10.1774 1.4335 3.47124
v  10.1681 1.44878 3.45079
v  10.1681 1.43475 3.45757
v  10.1849 1.37602 3.4923
v  10.1794 1.36512 3.48635
v  10.1932 1.37045 3.49957
v  10.1854 1.35552 3.49109
v  10.2046 1.36342 3.51177
v  10.1786 1.36422 3.48529
v  10.1943 1.34265 3.50063
v  10.2979 1.36864 3.58686
v  10.8076 1.91683 2.70252
v  10.795 1.89001 2.68813
v  10.4851 1.78371 3.00276
v  10.7692 1.83651 2.6599
v  11.1736 1.8457 2.38173
v  11.1262 1.71644 2.3404
v  10.4651 1.74327 2.98254
v  10.732 1.71945 2.61827
v  10.2476 1.5842 3.28093
v  11.5136 1.55612 1.95481
v  13.2299 0.576048 -1.04596
v  13.2249 0.618738 -1.04897
v  13.1822 0.598979 -1.60776
v  13.2096 0.766262 -1.05924
v  13.1782 0.634648 -1.60796
v  13.1255 1.00764 -0.597298
v  13.1698 0.976773 -1.0752
v  13.1659 0.75788 -1.60906
v  13.1464 0.67702 -1.9546
v  13.149 0.651149 -1.95493
v  13.1335 0.933979 -1.6069
v  13.1383 0.766403 -1.95383
v  13.2017 1.29138 -0.606863
v  13.2457 1.25916 -1.08713
v  13.1963 1.16885 -1.62759
v  13.1167 0.894137 -1.94902
v  13.187 0.803788 -2.21324
v  13.1907 0.761315 -2.21437
v  13.1607 1.06605 -1.96465
v  13.177 0.864504 -2.20937
v  13.3372 1.38509 -1.08821
v  13.2714 1.27249 -1.65054
v  13.2122 1.14064 -1.986
v  13.1985 0.945511 -2.21939
v  13.0408 0.854493 -2.55095
v  13.0478 0.801697 -2.55695
v  13.2225 0.981073 -2.23158
v  13.0573 0.92449 -2.56237
v  13.3361 1.38567 -1.67441
v  13.2568 1.22089 -2.00965
v  13.2426 1.02158 -2.24342
v  13.0772 0.957316 -2.57527
v  12.8279 0.993564 -2.73619
v  12.8007 0.882666 -2.72263
v  13.0958 0.999244 -2.58569
v  12.863 1.04725 -2.74887
v  13.2867 1.26118 -2.02045
v  13.257 1.0456 -2.2504
v  13.1077 1.02694 -2.59379
v  12.8964 1.11203 -2.75842
v  12.8292 1.04844 -2.78964
v  12.7969 0.992164 -2.77505
v  12.9155 1.13909 -2.76623
v  12.8572 1.10529 -2.80115
v  13.2646 1.06411 -2.25435
v  13.1134 1.03649 -2.59754
v  12.9231 1.12808 -2.76881
v  12.9139 1.10366 -2.81716
v  12.8231 1.09778 -2.85023
v  12.8049 1.05887 -2.83157
v  12.9228 1.11505 -2.82123
v  12.8391 1.12103 -2.85951
v  12.8184 1.09823 -2.85412
v  12.8002 1.05895 -2.8351
v  12.8468 1.13298 -2.86377
v  12.8333 1.12228 -2.86325
v  12.9305 1.12411 -2.82476
v  12.8547 1.14244 -2.86642
v  12.841 1.13428 -2.86755
v  12.9858 1.14468 -2.8501
v  12.9075 1.16433 -2.88998
v  12.8489 1.14376 -2.8702
v  13.0734 1.14144 -2.89026
v  13.0026 1.16139 -2.91289
v  12.9017 1.16573 -2.89415
v  13.1792 1.12086 -2.93876
v  13.1161 1.13985 -2.95909
v  12.9974 1.1628 -2.91614
v  13.313 1.00334 -3.00003
v  13.2574 1.01644 -3.0507
v  13.1114 1.14122 -2.9618
v  13.3241 0.985258 -3.00511
v  13.2675 0.997659 -3.05938
v  13.2539 1.01731 -3.05428
v  13.3619 0.828928 -2.92112
v  13.3223 0.827436 -3.0042
v  13.363 0.99256 -2.92322
v  13.264 0.833877 -3.06178
v  13.2641 0.998453 -3.06315
v  13.14 0.957369 -3.00507
v  13.2606 0.834113 -3.06572
v  13.1458 0.946858 -3.01003
v  13.3244 0.750473 -3.00507
v  13.2552 0.755449 -3.05233
v  13.251 0.755528 -3.05557
v  13.1438 0.8553 -3.0115
v  13.0016 0.88209 -2.94053
v  13.0015 0.882147 -2.9405
v  13.1383 0.811546 -3.00569
v  13.0016 0.881597 -2.94054
v  13.2144 0.695871 -3.02162
v  13.2099 0.695792 -3.02435
v  13.1153 0.778282 -2.98824
v  13.0015 0.881361 -2.9405
v  13.1523 0.633854 -2.98866
v  13.1474 0.633816 -2.99115
v  13.2223 0.620437 -2.95818
v  13.281 0.693031 -2.98514
v  13.2075 0.597154 -2.94783
v  13.0808 0.622165 -2.946
v  13.0739 0.62262 -2.94778
v  13.0804 0.743722 -2.96974
v  13.0384 0.59403 -2.87385
v  12.9933 0.60517 -2.9008
v  12.9885 0.604986 -2.90368
v  13.0394 0.737566 -2.94567
v  13.0012 0.880995 -2.94031
v  13.0014 0.881181 -2.94041
v  13.001 0.880962 -2.94018
v  12.9918 0.727654 -2.92127
v  13.0007 0.880908 -2.94005
v  12.8519 0.627965 -2.87099
v  12.9158 0.740483 -2.90343
v  13.0003 0.880977 -2.93995
v  12.7637 0.692335 -2.83688
v  12.8666 0.776256 -2.8844
v  13.0001 0.88117 -2.93985
v  12.8579 0.628315 -2.86689
v  12.8075 0.695237 -2.77846
v  12.7687 0.692827 -2.83254
v  12.938 0.628266 -2.82785
v  12.844 0.688076 -2.73611
v  13.0634 0.729444 -2.56929
v  12.9425 0.622703 -2.7704
v  13.1182 0.687466 -2.60828
v  13.0527 0.587163 -2.80906
v  13.208 0.720672 -2.2221
v  13.278 0.672369 -2.25487
v  13.1799 0.664582 -2.65164
v  13.2304 0.592099 -2.86022
v  13.3561 0.646077 -2.29189
v  13.2632 0.647615 -2.70702
v  13.1839 0.591615 -1.96631
v  13.3347 0.490496 -2.01921
v  13.503 0.435741 -2.07974
v  13.4913 0.661983 -2.35689
v  13.2932 0.682131 -2.73006
v  13.2537 0.614422 -2.88055
v  13.7943 0.470287 -2.18761
v  13.4985 0.666243 -2.36038
v  13.4541 0.377643 -1.66889
v  13.6999 0.302323 -1.72845
v  14.1243 0.350244 -1.83737
v  13.8097 0.479311 -2.19349
v  13.5435 0.721878 -2.38277
v  13.3297 0.73055 -2.75439
v  14.1467 0.362702 -1.84346
v  13.9064 0.596808 -2.23193
v  13.8616 0.230791 -0.978588
v  14.3791 0.296842 -0.945047
v  14.4064 0.312233 -0.944018
v  14.287 0.524792 -1.88448
v  13.9779 0.68976 -2.26046
v  13.5767 0.765898 -2.39935
v  14.5772 0.509446 -0.943828
v  14.3905 0.653015 -1.91504
v  14.3356 0.33066 -0.369662
v  14.3629 0.346233 -0.366642
v  14.534 0.544963 -0.354667
v  14.7032 0.665302 -0.944329
v  14.3829 0.824326 -1.91899
v  13.9732 0.814018 -2.2618
v  14.6602 0.701976 -0.346543
v  14.6937 0.87058 -0.957757
v  14.191 0.413915 0.55561
v  14.3481 0.615536 0.610426
v  14.4641 0.774629 0.649917
v  14.6507 0.90798 -0.362096
v  14.6916 1.29189 -0.984047
v  14.3816 1.17568 -1.93071
v  14.457 0.979347 0.626884
v  14.6487 1.33086 -0.391405
v  13.9006 0.696279 1.40215
v  14.0161 0.856542 1.44297
v  14.0091 1.06143 1.4196
v  14.4596 1.41529 0.586223
v  14.6163 1.39554 -0.400693
v  14.6578 1.3395 -0.989461
v  14.0122 1.50052 1.37829
v  14.4292 1.46306 0.567302
v  13.3872 0.949666 2.26718
v  13.3846 1.15716 2.2383
v  13.3917 1.57588 2.19059
v  13.9814 1.5407 1.35932
v  14.0646 1.75418 0.367149
v  14.2143 1.71053 -0.482492
v  13.3667 1.61517 2.16416
v  13.6192 1.8314 1.1539
v  12.9154 1.21869 2.63815
v  12.9247 1.62583 2.58917
v  12.903 1.66789 2.56068
v  13.0687 1.89095 1.87459
v  13.334 1.86824 1.01089
v  13.7771 1.78453 0.228452
v  12.6402 1.93809 2.2498
v  12.8318 1.92264 1.66857
v  12.353 1.68697 3.03335
v  12.3349 1.72941 3.00248
v  12.4296 1.96637 2.02785
v  12.6354 1.91299 1.50231
v  13.0982 1.86431 0.896006
v  11.8512 1.34397 3.37051
v  11.85 1.15869 3.40034
v  12.341 1.29065 3.08409
v  11.2603 1.08868 3.55438
v  11.7759 1.00354 3.32774
v  12.3398 1.09407 3.11541
v  12.2609 0.928025 3.03986
v  12.9159 1.01364 2.66826
v  11.1764 0.907778 3.45913
v  11.6752 0.798871 3.22817
v  12.1549 0.721968 2.93551
v  12.8267 0.849538 2.59962
v  12.7083 0.665257 2.50363
v  13.2899 0.800463 2.20339
v  11.6597 0.781711 3.21041
v  12.1406 0.729311 2.91557
v  12.6896 0.648835 2.48663
v  13.1572 0.599658 2.1161
v  13.1363 0.583279 2.1004
v  13.7442 0.493159 1.34552
v  11.8384 0.631371 2.53599
v  12.3401 0.554521 2.13867
v  12.7447 0.492689 1.77806
v  13.7194 0.4769 1.33496
v  13.2502 0.395457 1.11359
v  14.166 0.397796 0.545369
v  12.1407 0.618722 1.9231
v  12.52 0.560638 1.57778
v  12.9794 0.472466 0.973692
v  13.6941 0.317619 0.330244
v  13.4216 0.394601 0.194148
v  13.8177 0.262003 -0.442507
v  12.3201 0.705372 1.38872
v  12.7372 0.627945 0.840122
v  13.1777 0.549524 0.0641053
v  13.5175 0.346305 -0.493233
v  13.2483 0.508243 -0.544659
v  13.5617 0.31614 -1.0057
v  13.2926 0.478692 -1.03536
v  13.2336 0.516922 -1.61793
v  11.9639 0.758991 1.72001
v  11.516 0.825202 2.08122
v  11.667 0.690908 2.30157
v  11.0739 0.897005 2.4097
v  11.2159 0.768642 2.62081
v  10.6815 0.980694 2.68351
v  10.7975 0.866456 2.88341
v  11.3771 0.711895 2.84539
v  10.9273 0.788347 3.0979
v  10.3996 1.10316 2.99972
v  10.4857 0.991281 3.14918
v  10.5862 0.952565 3.3068
v  11.1626 0.881132 3.44285
v  10.7662 1.034 3.56124
v  10.2117 1.22945 3.29102
v  12.5111 1.84808 1.40464
v  12.9498 1.80116 0.82963
v  12.9292 1.77575 0.822047
v  13.3904 1.7152 0.0524936
v  13.3697 1.68999 0.0451515
v  13.5396 1.77772 0.116947
v  13.4725 1.67484 -0.591125
v  13.4499 1.65001 -0.592794
v  13.3459 1.6584 0.0369493
v  13.424 1.61885 -0.594534
v  13.4938 1.61527 -1.09123
v  13.4679 1.58435 -1.0912
v  13.6362 1.73715 -0.570881
v  13.5165 1.64285 -1.09129
v  13.4 1.46476 -1.69249
v  13.3786 1.43651 -1.68609
v  13.4164 1.52272 -1.09105
v  13.4193 1.49402 -1.69836
v  13.3021 1.28829 -2.02677
v  13.3159 1.31597 -2.03254
v  13.6807 1.7112 -1.08359
v  13.5546 1.55542 -1.73466
v  13.4083 1.35295 -2.06738
v  13.2707 1.07241 -2.25737
v  13.3118 1.06866 -2.277
v  13.116 1.01844 -2.5997
v  13.7683 1.55031 -1.78851
v  13.5523 1.32013 -2.11952
v  13.3798 1.06606 -2.30953
v  13.1501 1.03214 -2.62314
v  12.9315 1.13747 -2.77189
v  13.2041 1.02992 -2.66069
v  12.992 1.1587 -2.79356
v  13.7294 1.28726 -2.18378
v  13.4619 1.05012 -2.34864
v  14.0242 1.47656 -1.85068
v  14.354 1.21585 -1.92509
v  13.9547 1.09801 -2.26194
v  13.5664 0.95983 -2.39729
v  13.2691 1.01612 -2.7062
v  13.9736 1.06886 -2.26815
v  13.5751 0.945953 -2.40126
v  13.5747 0.82492 -2.39926
v  13.3576 0.925543 -2.76968
v  13.3509 0.937616 -2.76473
v  13.3558 0.820224 -2.77064
v  13.3507 1.01133 -2.91908
v  13.2038 1.13348 -2.86835
v  13.3567 0.768863 -2.77233
v  13.3645 0.749133 -2.92121
v  13.3174 0.689629 -2.90392
v  13.0879 1.15511 -2.82753
v  14.2576 1.67314 -1.03926
v  13.9424 1.72206 -1.06522
v  13.8978 1.74497 -0.532251
v  13.3724 1.55674 -0.597674
v  13.2983 1.59544 0.0208147
v  13.2933 1.41819 -0.601692
v  13.2257 1.45579 -0.00101872
v  12.9055 1.74393 0.813571
v  13.0604 1.02641 -2.9536
v  13.0011 0.882519 -2.94022
v  12.9969 1.03843 -2.92839
v  13.0008 0.882584 -2.94009
v  12.9435 1.04006 -2.91632
v  13.0005 0.882593 -2.94002
v  12.9141 1.02782 -2.90285
v  13.0003 0.882527 -2.93995
v  12.9097 1.02253 -2.90136
v  13.0003 0.882499 -2.93994
v  12.9054 1.01585 -2.89896
v  13.0003 0.882463 -2.93993
v  12.8972 1.00242 -2.89387
v  13.0002 0.88239 -2.9399
v  12.887 0.980256 -2.88322
v  13.0002 0.88227 -2.93984
v  12.8749 0.950765 -2.8711
v  13.0001 0.882111 -2.93978
v  12.7785 1.00542 -2.8134
v  12.8594 0.883637 -2.86476
v  13 0.881749 -2.93974
v  12.7509 0.884945 -2.80202
v  12.8628 0.8377 -2.86985
v  13 0.881501 -2.93977
v  12.7568 0.802596 -2.81116
v  12.8636 0.806445 -2.87185
v  13 0.881333 -2.93978
v  12.7583 0.746431 -2.8147
v  12.8605 0.797367 -2.8755
v  13 0.881284 -2.9398
v  12.7527 0.730148 -2.82106
v  12.783 1.00453 -2.81019
v  12.7567 0.884543 -2.79898
v  12.8103 0.878205 -2.76971
v  12.7614 0.802733 -2.80781
v  12.7814 0.803453 -2.76665
v  12.763 0.746631 -2.81124
v  12.8145 0.800535 -2.72675
v  12.7856 0.748123 -2.76851
v  12.8195 0.743082 -2.72797
v  12.787 0.73211 -2.76914
v  12.7576 0.730414 -2.81714
v  13.0502 0.764763 -2.55936
v  12.8212 0.72645 -2.72839
v  13.051 0.754073 -2.56013
v  13.1919 0.74902 -2.21476
vn -0.828895 0.00161539 0.559401
vn -0.878891 -0.0979555 0.466857
vn -0.849114 -0.118459 0.514754
vn -0.833115 -0.080232 0.54725
vn -0.810942 -0.457353 0.364967
vn -0.809166 -0.121297 0.574923
vn -0.791287 -0.154807 0.591523
vn -0.739086 -0.424767 0.522805
vn -0.785844 -0.114657 0.607703
vn -0.901016 -0.400878 0.165734
vn -0.682085 -0.68417 0.258208
vn -0.815932 -0.578024 -0.0119505
vn -0.710875 -0.663927 0.232073
vn -0.570397 -0.654447 0.496332
vn -0.591828 -0.642518 0.486733
vn -0.844749 -0.531306 -0.0641289
vn -0.635658 -0.76932 0.0639177
vn -0.460679 -0.783899 0.416265
vn -0.550182 -0.595088 0.585807
vn -0.447688 -0.709391 0.544372
vn -0.373517 -0.751578 0.543706
vn -0.421277 -0.295776 0.857346
vn -0.210868 -0.397862 0.892883
vn -0.690922 -0.386846 0.610718
vn -0.455047 -0.257477 0.85243
vn -0.414783 -0.270565 0.868763
vn -0.201443 -0.383659 0.901236
vn -0.0144513 -0.474929 0.879906
vn -0.00781086 -0.461504 0.887103
vn -0.158865 -0.109996 0.981154
vn 0.0563866 -0.148722 0.98727
vn -0.438243 -0.241026 0.865938
vn -0.414252 -0.0488308 0.908851
vn -0.137575 0.143711 0.98001
vn 0.0843414 0.138615 0.986748
vn 0.281791 -0.185278 0.941417
vn 0.315898 0.125157 0.940502
vn 0.0898359 0.187435 0.97816
vn 0.317922 0.181461 0.93059
vn -0.371211 0.14144 0.917713
vn -0.131884 0.18146 0.974515
vn -0.0771131 0.764609 0.639865
vn 0.147783 0.816866 0.557576
vn 0.457203 0.168777 0.873201
vn 0.288174 0.824179 0.487529
vn 0.0512289 0.917231 0.395047
vn 0.192504 0.925721 0.325549
vn -0.267438 0.680894 0.681807
vn -0.166978 0.852523 0.495301
vn -0.122644 0.987899 0.094938
vn 0.00792128 0.99986 0.0147352
vn 0.270084 0.921462 0.279219
vn 0.0585783 0.998114 -0.0183386
vn -0.111087 0.980141 -0.164267
vn -0.0721953 0.979175 -0.189748
vn -0.319114 0.921184 0.222679
vn -0.239643 0.967259 -0.0835544
vn -0.266533 0.881099 -0.390673
vn -0.244115 0.880404 -0.406566
vn -0.0639099 0.979418 -0.191458
vn -0.250029 0.882299 -0.398789
vn -0.45892 0.59611 -0.658821
vn -0.483748 0.599696 -0.637458
vn -0.387294 0.870969 -0.302351
vn -0.456905 0.595545 -0.660729
vn -0.466877 0.579893 -0.667645
vn -0.492617 0.583522 -0.645624
vn -0.563076 0.612098 -0.555231
vn -0.573089 0.595882 -0.562578
vn -0.538919 0.48701 -0.687305
vn -0.624568 0.500412 -0.599585
vn -0.463897 0.579134 -0.670375
vn -0.509468 0.482556 -0.712448
vn -0.541665 0.479352 -0.690522
vn -0.627538 0.491576 -0.60378
vn -0.697267 0.511515 -0.502166
vn -0.701051 0.503174 -0.505315
vn -0.691756 0.328075 -0.643304
vn -0.773135 0.340495 -0.535093
vn -0.511626 0.475446 -0.715674
vn -0.600531 0.313671 -0.735509
vn -0.751755 0.0146234 -0.65928
vn -0.838148 0.0292693 -0.544657
vn -0.862283 0.365641 -0.350392
vn -0.936478 0.0474462 -0.347502
vn -0.834326 -0.193394 -0.516235
vn -0.927493 -0.17696 -0.329304
vn -0.655955 0.00166752 -0.754798
vn -0.749707 -0.206707 -0.628658
vn -0.838789 -0.148301 -0.523869
vn -0.932793 -0.131989 -0.335375
vn -0.984136 -0.154535 -0.0871468
vn -0.989715 -0.109476 -0.0920792
vn -0.843632 -0.466153 -0.266434
vn -0.897507 -0.436392 -0.0635842
vn -0.753698 -0.161906 -0.636966
vn -0.762994 -0.473949 -0.43956
vn -0.656204 -0.219932 -0.721821
vn -0.658776 -0.175098 -0.73168
vn -0.690743 -0.486446 -0.535018
vn -0.619101 -0.00283216 -0.785306
vn -0.61968 -0.224813 -0.751968
vn -0.621862 -0.179864 -0.762192
vn -0.60795 -0.496382 -0.619679
vn -0.602443 -0.00470925 -0.798148
vn -0.601762 -0.227212 -0.765674
vn -0.603296 -0.182327 -0.776396
vn -0.578316 -0.49929 -0.645182
vn -0.684498 0.00736371 -0.728978
vn -0.680694 -0.214278 -0.700529
vn -0.640252 0.311022 -0.702384
vn -0.554613 0.306868 -0.773458
vn -0.787267 0.313111 -0.531199
vn -0.826625 0.0268468 -0.562112
vn -0.818193 -0.180688 -0.545813
vn -0.68002 -0.169864 -0.713245
vn -0.863492 0.300706 -0.404916
vn -0.895512 0.0322182 -0.443869
vn -0.822623 0.450766 -0.346558
vn -0.745893 0.468555 -0.473392
vn -0.846797 0.444225 -0.292573
vn -0.887022 0.287439 -0.361346
vn -0.908791 0.0321156 -0.416014
vn -0.883596 -0.156668 -0.441264
vn -0.813114 0.455509 -0.362432
vn -0.835994 0.322133 -0.444235
vn -0.813393 0.470506 -0.342077
vn -0.85323 0.430328 -0.294648
vn -0.927532 0.371122 -0.0441959
vn -0.923532 0.38287 -0.0223594
vn -0.951618 0.260971 -0.162225
vn -0.86435 0.0389052 -0.501384
vn -0.88795 0.188389 0.419588
vn -0.888208 0.201691 0.412805
vn -0.868378 0.205098 0.451503
vn -0.906076 0.420073 0.0506441
vn -0.841287 0.169573 0.513305
vn -0.838715 0.158126 0.521107
vn -0.83176 0.151585 0.534039
vn -0.913343 0.175883 0.367247
vn -0.801466 0.14397 0.580452
vn -0.92859 0.0953832 0.358639
vn -0.979636 0.0508419 -0.194236
vn -0.778651 0.1286 0.614138
vn -0.927299 0.0374805 0.37244
vn -0.976427 -0.103213 -0.189572
vn -0.849052 -0.170239 -0.500129
vn -0.968517 -0.0769036 -0.23677
vn -0.845942 -0.132176 -0.516635
vn -0.891936 -0.153811 -0.425198
vn -0.895281 -0.112663 -0.431021
vn -0.884648 -0.117308 -0.451261
vn -0.895343 -0.238753 -0.375975
vn -0.870414 -0.325856 -0.36905
vn -0.873292 -0.283364 -0.396315
vn -0.973758 -0.20336 -0.102174
vn -0.929662 0.0433782 0.365851
vn -0.919066 -0.0194353 0.393625
vn -0.773545 0.100726 0.625686
vn -0.785036 0.082206 0.613971
vn -0.805951 0.0665807 0.588227
vn -0.792623 -0.414437 -0.447203
vn -0.818015 -0.139124 -0.558119
vn -0.649368 -0.480379 -0.589539
vn -0.567463 -0.500905 -0.653513
vn -0.843457 0.175364 0.507767
vn -0.827138 0.21247 0.520287
vn -0.868049 0.202165 0.453454
vn -0.836213 0.231824 0.496997
vn -0.906371 0.416021 0.073605
vn -0.804673 0.24692 0.539936
vn -0.812114 0.245027 0.529559
vn -0.830778 0.46787 0.301504
vn -0.801686 0.543566 -0.248666
vn -0.794967 0.534019 -0.287839
vn -0.835947 0.508093 -0.207446
vn -0.713733 0.693995 0.0946367
vn -0.831946 0.516504 -0.202706
vn -0.767175 0.487331 0.417074
vn -0.61468 0.741005 0.270333
vn -0.736978 0.67251 0.0677798
vn -0.798604 0.539416 -0.266948
vn -0.800724 0.530227 -0.278747
vn -0.653095 0.713639 0.253351
vn -0.675188 0.737635 -0.00397576
vn -0.723569 0.470837 0.504738
vn -0.564732 0.717595 0.407596
vn -0.580276 0.718114 0.384177
vn -0.555899 0.811489 0.180172
vn -0.563285 0.815327 -0.133984
vn -0.715029 0.573816 -0.399336
vn -0.465783 0.825227 0.319448
vn -0.42505 0.902903 0.0640307
vn -0.489458 0.615072 0.618156
vn -0.514334 0.631309 0.580439
vn -0.345638 0.755075 0.557131
vn -0.469846 0.551237 0.68948
vn -0.421035 0.568975 0.706397
vn -0.363583 0.168987 0.916106
vn -0.400364 0.170108 0.900428
vn -0.41638 0.137881 0.898675
vn -0.611829 0.125815 0.78092
vn -0.611411 0.141962 0.778475
vn -0.648753 0.359219 0.670881
vn -0.692091 0.11871 0.711981
vn -0.706141 0.127194 0.696553
vn -0.709022 0.0587006 0.702739
vn -0.62182 0.0217936 0.782857
vn -0.665947 0.0398446 0.744934
vn -0.648565 0.124121 0.750971
vn -0.654268 0.131979 0.744658
vn -0.745629 0.228502 0.625958
vn -0.722262 0.264315 0.639121
vn -0.765578 0.238909 0.597337
vn -0.678479 0.410977 0.608904
vn -0.743503 0.270607 0.611535
vn -0.792754 0.251147 0.555397
vn -0.786012 0.269196 0.556524
vn -0.677437 -0.056083 0.733439
vn -0.683593 -0.0656204 0.726908
vn -0.714935 -0.0179793 0.69896
vn -0.722243 -0.0238529 0.691228
vn -0.632922 -0.0950204 0.768362
vn -0.772132 -0.168596 0.612689
vn -0.638745 -0.11317 0.76105
vn -0.385152 -0.0330875 0.92226
vn -0.556925 0.59648 -0.577967
vn -0.560805 0.580905 -0.589956
vn -0.717443 0.56098 -0.413009
vn -0.593636 0.484808 -0.642307
vn -0.501468 0.481901 -0.718541
vn -0.503281 0.474172 -0.722405
vn -0.746266 0.472991 -0.468366
vn -0.595564 0.478795 -0.645027
vn -0.825755 0.447306 -0.343578
vn -0.566915 0.308136 -0.763976
vn -0.896073 -0.443881 0.00469955
vn -0.994296 -0.106642 -0.00161786
vn -0.901524 -0.430088 0.0477385
vn -0.988475 -0.151381 0.000995349
vn -0.991813 -0.0999079 0.0795258
vn -0.992597 0.0673252 -0.101086
vn -0.997187 0.0732961 -0.0156798
vn -0.986332 -0.144762 0.0786963
vn -0.99544 -0.0953813 -0.00121246
vn -0.913393 -0.400607 -0.0722983
vn -0.995622 0.0751621 0.0555728
vn -0.990348 -0.137776 -0.0151175
vn -0.920889 0.372601 -0.114592
vn -0.920632 0.387753 -0.0456457
vn -0.924838 0.380262 0.00872675
vn -0.996867 0.0674931 -0.0412336
vn -0.988584 -0.136078 0.0646808
vn -0.994361 -0.0912515 0.0540337
vn -0.932309 0.349977 -0.0911931
vn -0.996694 0.0761417 0.0283413
vn -0.841035 0.537794 -0.0586374
vn -0.844591 0.534836 -0.0248381
vn -0.856468 0.496268 -0.142057
vn -0.934543 0.355048 -0.0239023
vn -0.785901 0.0827433 0.612791
vn -0.787527 -0.132216 0.60193
vn -0.865568 0.499681 -0.0333333
vn -0.712393 0.378887 0.590712
vn -0.839415 0.542728 -0.0287956
vn -0.858993 0.494086 -0.134202
vn -0.884754 0.465854 -0.013761
vn -0.653093 0.506314 0.56313
vn -0.578505 0.335564 0.743457
vn -0.651039 0.0929095 0.753336
vn -0.674331 0.466636 0.5723
vn -0.494347 0.446735 0.745687
vn -0.827555 0.539104 -0.156585
vn -0.867808 0.496516 -0.0195234
vn -0.656393 0.546279 0.520316
vn -0.499108 0.484191 0.718644
vn -0.690737 0.497529 0.524735
vn -0.79893 0.232869 0.554512
vn -0.396036 0.670977 0.626853
vn -0.569658 0.713791 0.407421
vn -0.825813 0.546773 -0.138101
vn -0.156446 0.977835 0.139151
vn 0.201487 0.978911 0.0337085
vn -0.340152 0.916721 0.209569
vn -0.516133 0.723506 0.458417
vn -0.69592 0.505857 0.50971
vn -0.472378 0.70512 0.528833
vn -0.243171 0.833884 0.495485
vn -0.572745 -0.0521928 -0.81807
vn -0.604686 -0.0894189 -0.791428
vn -0.32524 0.519997 0.789824
vn -0.521525 0.0127488 -0.85314
vn -0.275126 0.914558 0.296463
vn -0.150603 0.774417 0.614489
vn -0.455234 0.0592714 -0.888397
vn -0.0438604 0.994919 0.0906271
vn -0.0181553 0.886332 0.462694
vn -0.434931 0.0710749 -0.897654
vn 0.121368 0.99113 -0.0541312
vn 0.15849 0.957197 0.242187
vn -0.324764 0.113965 -0.938904
vn 0.424447 0.845506 -0.323982
vn 0.358328 0.925552 -0.122289
vn -0.283369 0.14767 -0.947573
vn 0.536945 0.755026 -0.376332
vn 0.478925 0.769753 -0.422032
vn -0.395484 0.170211 -0.902563
vn 0.817999 0.0478378 -0.573226
vn 0.706371 0.0702062 -0.704352
vn -0.407553 0.198847 -0.891269
vn 0.986951 0.00107037 -0.161017
vn 0.811327 -0.013369 -0.58444
vn 0.982818 0.073408 -0.169349
vn 0.679727 -0.029764 -0.732861
vn -0.371923 0.0471116 -0.927067
vn -0.45679 0.134476 -0.879351
vn -0.376059 -0.010521 -0.926536
vn -0.428909 0.0400443 -0.90246
vn 0.741103 -0.323932 -0.588076
vn 0.540182 -0.346655 -0.766833
vn -0.398379 -0.126076 -0.908515
vn -0.42901 -0.00446985 -0.903288
vn -0.447779 0.0382169 -0.893327
vn -0.470283 0.114606 -0.875043
vn -0.450118 -0.100733 -0.887269
vn -0.446676 -0.00246236 -0.894692
vn 0.337819 -0.599123 -0.7259
vn -0.402027 -0.140616 -0.904766
vn -0.437776 -0.098901 -0.893628
vn -0.466548 -0.092633 -0.879632
vn 0.12427 -0.718006 -0.684854
vn -0.423642 -0.147855 -0.893681
vn 0.448617 -0.708159 -0.545209
vn 0.553593 -0.648927 -0.521947
vn 0.0659712 -0.961373 -0.267226
vn -0.110145 -0.893488 -0.43537
vn -0.451177 -0.172803 -0.875545
vn -0.450774 -0.0945042 -0.887621
vn -0.117188 -0.982319 -0.146001
vn -0.156158 -0.987109 -0.0350867
vn -0.32359 -0.189332 -0.927061
vn -0.461249 -0.112357 -0.880128
vn -0.459609 -0.0754811 -0.884908
vn -0.449755 -0.0843678 -0.889158
vn -0.463645 -0.0904023 -0.881397
vn -0.326699 -0.118298 -0.937696
vn -0.32973 -0.0958597 -0.939196
vn -0.346756 -0.13793 -0.927759
vn -0.310171 -0.0865452 -0.946733
vn -0.297655 -0.0684032 -0.95222
vn -0.471433 -0.0173208 -0.881731
vn -0.427454 0.0249775 -0.903692
vn -0.411145 0.0415973 -0.91062
vn -0.294333 -0.872322 0.390413
vn -0.479677 -0.792888 0.375817
vn -0.426671 -0.766177 0.480547
vn -0.320825 -0.936683 0.140343
vn -0.412616 -0.738257 0.533596
vn -0.480708 -0.77087 0.417947
vn -0.257834 -0.865691 0.429069
vn -0.302747 -0.90155 0.309116
vn -0.0401709 -0.962093 0.269745
vn -0.679452 -0.722384 -0.128481
vn -0.497954 -0.844337 -0.197828
vn -0.0616824 -0.983043 0.17269
vn 0.214712 -0.962237 0.167331
vn -0.223923 -0.911104 -0.346047
vn 0.159056 -0.984095 0.0791099
vn -0.667035 -0.727732 -0.159597
vn -0.482191 -0.846001 -0.227539
vn -0.171637 -0.90857 -0.380844
vn -0.0570293 -0.886956 -0.45832
vn 0.68886 -0.689377 -0.224125
vn 0.748747 -0.65908 -0.0706465
vn -0.0168926 -0.907717 -0.419244
vn 0.394899 -0.615787 -0.681807
vn -0.410418 -0.910261 -0.0545961
vn -0.041045 -0.988209 -0.14751
vn 0.111257 -0.979331 -0.168915
vn 0.369836 -0.579925 -0.725884
vn 0.39427 -0.567035 -0.723203
vn 0.712164 -0.657354 -0.246389
vn 0.644089 -0.672044 -0.365386
vn 0.40074 -0.549581 -0.733054
vn -0.00365189 -0.999632 -0.0268885
vn 0.144339 -0.989188 -0.0259327
vn 0.72197 -0.683307 -0.108858
vn 0.677805 -0.638176 -0.365119
vn 0.51926 -0.274774 -0.809239
vn 0.486437 -0.274372 -0.829517
vn 0.754125 -0.648313 -0.104812
vn 0.852269 -0.306049 -0.424231
vn 0.14547 -0.985595 0.0862595
vn 0.725216 -0.671782 0.150901
vn 0.75746 -0.634299 0.154658
vn 0.943261 -0.302228 -0.137539
vn 0.888777 -0.00142581 -0.458337
vn 0.545301 -0.0112762 -0.838165
vn 0.942686 -0.292312 0.160925
vn 0.986697 0.0107978 -0.162208
vn 0.686342 -0.661986 0.301179
vn 0.71478 -0.62571 0.312373
vn 0.895737 -0.274963 0.349358
vn 0.988954 0.0267297 0.145793
vn 0.984651 0.0636181 -0.162526
vn 0.891988 0.0499141 -0.449295
vn 0.940854 0.0416895 0.336237
vn 0.986922 0.0778914 0.141132
vn 0.627674 -0.608458 0.485598
vn 0.79203 -0.257573 0.553484
vn 0.834137 0.0609246 0.548182
vn 0.939492 0.091585 0.330102
vn 0.649766 0.759117 0.0393143
vn 0.646278 0.739922 -0.186656
vn 0.832842 0.115627 0.541299
vn 0.601593 0.783424 0.155988
vn 0.707015 -0.242438 0.664344
vn 0.747324 0.074764 0.660241
vn 0.746565 0.128703 0.652745
vn 0.526854 0.805668 0.270786
vn 0.439196 0.894283 0.0858188
vn 0.458403 0.888708 0.00801899
vn 0.474 0.812115 0.340284
vn 0.381615 0.908612 0.16969
vn 0.634148 0.0906359 0.767881
vn 0.633318 0.147651 0.759676
vn 0.41555 0.816743 0.400311
vn 0.352204 0.908558 0.224665
vn 0.0815066 0.995873 -0.0399234
vn 0.0793285 0.995635 -0.0491663
vn 0.305438 0.917251 0.255651
vn 0.0802782 0.996473 -0.0244162
vn 0.572518 0.15554 0.805003
vn 0.374163 0.819961 0.433205
vn 0.0763359 0.996659 -0.0290408
vn -0.0779594 0.983634 -0.162437
vn -0.0915201 0.983832 -0.153941
vn 0.45782 0.112466 0.881903
vn 0.420211 -0.201925 0.884675
vn 0.573024 0.0992585 0.813505
vn 0.193271 -0.514849 0.835211
vn 0.319659 -0.536656 0.780909
vn 0.53442 -0.214172 0.817634
vn 0.417612 -0.561026 0.714738
vn 0.596092 -0.224896 0.770776
vn 0.181591 -0.533526 0.82606
vn 0.297087 -0.579123 0.759181
vn 0.384469 -0.627257 0.677297
vn 0.467306 -0.582283 0.66526
vn 0.435723 -0.640497 0.632383
vn 0.554762 -0.600694 0.575678
vn -0.0109212 -0.967408 0.252988
vn 0.0202373 -0.974529 0.223345
vn 0.0462181 -0.972107 0.22994
vn 0.528903 -0.637229 0.560536
vn 0.081516 -0.97223 0.219373
vn 0.59947 -0.643827 0.475524
vn -0.0673806 -0.990982 0.11582
vn -0.0525067 -0.9916 0.118203
vn -0.0371735 -0.992155 0.119355
vn 0.106078 -0.976991 0.185029
vn -0.0308709 -0.994401 0.101061
vn 0.133567 -0.981876 0.134463
vn -0.296548 -0.937807 -0.180493
vn -0.324009 -0.93531 -0.142171
vn -0.349053 -0.930014 -0.115043
vn -0.00560804 -0.996705 0.0809193
vn -0.364681 -0.929485 -0.0553739
vn -0.0139465 -0.99774 0.0657258
vn -0.484163 -0.821111 -0.302264
vn -0.52893 -0.811844 -0.247269
vn -0.569494 -0.81045 -0.137284
vn -0.396132 -0.918081 0.0143774
vn -0.614548 -0.788733 -0.0151802
vn -0.38765 -0.921803 -0.00270601
vn -0.6059 -0.795535 0.00316532
vn -0.622637 -0.782438 -0.0107134
vn -0.433576 -0.825768 -0.36072
vn -0.419635 -0.826164 -0.375978
vn -0.293039 -0.937599 -0.187181
vn -0.423345 -0.824909 -0.374573
vn -0.307577 -0.931688 -0.193269
vn -0.506695 -0.79444 -0.334851
vn -0.394946 -0.902891 -0.169722
vn -0.103809 -0.987576 0.117971
vn -0.197536 -0.965441 0.170009
vn -0.652536 -0.717111 -0.244846
vn -0.533996 -0.842812 -0.0671959
vn -0.342788 -0.889651 0.301692
vn -0.0892382 -0.933904 0.346208
vn -0.237852 -0.84911 0.471633
vn -0.755233 -0.634782 -0.163324
vn -0.29449 0.890957 -0.345645
vn -0.32859 0.894902 -0.301958
vn -0.627568 0.621678 -0.468695
vn -0.365165 0.907088 -0.209393
vn -0.699318 0.641591 -0.315143
vn -0.100947 0.987587 -0.120341
vn -0.42026 0.901778 -0.100884
vn -0.75492 0.64395 -0.124195
vn -0.711779 0.625199 -0.320151
vn -0.764385 0.632749 -0.123873
vn -0.778731 0.623993 -0.0648906
vn -0.768884 0.63498 -0.0749518
vn -0.148201 0.986448 -0.0703999
vn -0.449071 0.886147 -0.114367
vn -0.815619 0.577989 -0.0263432
vn -0.786444 0.615397 -0.0528427
vn -0.830952 0.552686 -0.0636998
vn -0.501602 0.847072 -0.17568
vn -0.863979 0.491013 -0.11156
vn -0.553751 0.743598 -0.37473
vn -0.152494 0.977956 -0.142641
vn -0.181369 0.941701 -0.28338
vn -0.245528 0.811318 -0.530546
vn -0.402805 0.795324 -0.452998
vn -0.209124 0.843435 -0.494858
vn -0.0306523 0.976524 0.213214
vn 0.0701494 0.934534 -0.348893
vn -0.0643133 0.788141 -0.612125
vn -0.0909809 0.842798 -0.530484
vn 0.028852 0.980797 0.192884
vn -0.0617681 0.914691 0.399406
vn 0.171128 0.979684 0.104564
vn 0.0443522 0.921072 0.386858
vn 0.168064 0.695828 -0.698268
vn 0.141788 0.737878 -0.659873
vn 0.414144 0.810886 -0.41346
vn 0.563931 0.711582 -0.419086
vn 0.304943 0.608898 -0.732293
vn 0.270194 0.62305 -0.734033
vn 0.483191 0.87356 -0.0584702
vn 0.552853 0.0333374 -0.832611
vn 0.525085 0.0369287 -0.850248
vn 0.562137 -0.00734374 -0.827011
vn 0.94195 0.0519886 -0.331703
vn 0.637065 0.758282 -0.138406
vn 0.932883 0.00294164 -0.360167
vn 0.694275 0.717792 0.0524991
vn 0.51286 0.846959 0.140124
vn 0.89338 -0.325184 -0.310046
vn 0.940927 -0.308587 -0.139395
vn 0.768955 -0.634297 -0.079847
vn 0.240109 0.92933 0.280525
vn 0.482772 0.853349 -0.196792
vn 0.0932837 0.981175 -0.169099
vn 0.0640375 0.996975 -0.0440363
vn -0.832701 0.539884 -0.123023
vn -0.775987 0.533955 -0.335762
vn -0.837375 0.533182 -0.120499
vn -0.783722 0.52248 -0.335849
vn -0.639012 0.605741 -0.47407
vn -0.41927 0.113734 -0.90071
vn -0.429097 0.0933785 -0.898419
vn -0.296641 0.0859763 -0.951111
vn -0.302399 0.0638703 -0.951039
vn -0.297554 0.0599816 -0.952819
vn -0.288042 0.0397456 -0.956793
vn -0.410411 0.0170825 -0.911741
vn -0.402517 -0.0050067 -0.915399
vn -0.418924 0.00605877 -0.908001
vn -0.407102 -0.0116742 -0.913308
vn -0.470736 -0.0348868 -0.881584
vn -0.454332 -0.0500215 -0.889427
vn -0.53161 -0.101209 -0.84092
vn -0.516519 -0.118318 -0.848062
vn -0.553477 -0.123658 -0.823633
vn -0.534799 -0.135902 -0.833979
vn -0.512065 -0.0167621 -0.858783
vn -0.490482 -0.0231272 -0.871145
vn -0.571481 0.00149412 -0.820614
vn -0.4917 0.0430795 -0.869698
vn -0.46969 0.0401259 -0.881919
vn -0.550435 0.050227 -0.833365
vn -0.487988 0.0537767 -0.871192
vn -0.467368 0.0564944 -0.882256
vn -0.545242 0.0462422 -0.837002
vn -0.520787 0.129243 -0.843846
vn -0.489163 0.105667 -0.865768
vn -0.6096 0.197592 -0.767688
vn -0.556952 0.278725 -0.782379
vn -0.541924 0.299573 -0.785222
vn -0.599165 0.22348 -0.768803
vn -0.684346 0.28565 0.670875
vn -0.659817 0.0825093 0.746883
vn -0.858083 0.0878533 0.505941
vn -0.760685 0.00425868 0.649107
vn -0.835047 0.0186885 0.549861
vn -0.861395 -0.0486712 0.505598
vn -0.641743 -0.103844 0.759857
vn -0.827627 -0.0681618 0.557125
vn -0.619341 -0.0802864 0.781006
vn -0.756707 -0.375832 0.534925
vn -0.745115 -0.396726 0.536109
vn -0.78862 -0.0878018 0.608579
vn -0.568981 -0.376877 0.730907
vn -0.714289 -0.414713 0.563742
vn -0.920322 -0.391079 -0.00797742
vt -1 0 0
vt -1 0.333333 0
vt 0 0.333333 0
vt 0 0 0
vt 0 1 0
vt 1 0.333333 0
vt 1 0 0
vt 1 1 0
vt 2 0.333333 0
vt -1 1 0
vt 0 2 0
vt -1 2 0
vt 0 3 0
vt 1 2 0
vt 1 3 0
vt -1 3 0
vt 0 4 0
vt 1 4 0
vt 2 3 0
vt 2 2 0
vt 2 4 0
vt 3 3 0
vt 3 4 0
vt 2 1 0
vt 3 2 0
vt 4 3 0
vt 4 4 0
vt 3 5 0
vt 4 5 0
vt 5 4 0
vt 5 5 0
vt 4 2 0
vt 5 3 0
vt 6 4 0
vt 6 5 0
vt 5 6 0
vt 6 6 0
vt 7 5 0
vt 7 6 0
vt 6 3 0
vt 7 4 0
vt 8 5 0
vt 8 6 0
vt 7 7 0
vt 8 7 0
vt 9 6 0
vt 9 7 0
vt 8 4 0
vt 9 5 0
vt 10 6 0
vt 10 7 0
vt 9 8 0
vt 10 8 0
vt 11 7 0
vt 11 8 0
vt 10 5 0
vt 11 6 0
vt 12 7 0
vt 12 8 0
vt 11 9 0
vt 12 9 0
vt 13 8 0
vt 13 9 0
vt 12 6 0
vt 13 7 0
vt 14 8 0
vt 14 9 0
vt 13 10 0
vt 14 10 0
vt 15 9 0
vt 15 10 0
vt 14 7 0
vt 15 8 0
vt 16 9 0
vt 16 10 0
vt 15 11 0
vt 16 11 0
vt 17 10 0
vt 17 11 0
vt 16 8 0
vt 17 9 0
vt 18 10 0
vt 18 11 0
vt 17 12 0
vt 18 12 0
vt 19 11 0
vt 19 12 0
vt 18 9 0
vt 19 10 0
vt 20 11 0
vt 20 12 0
vt 19 13 0
vt 20 13 0
vt 21 12 0
vt 21 13 0
vt 20 10 0
vt 21 11 0
vt 19 9 0
vt 20 9 0
vt 21 10 0
vt 18 8 0
vt 19 8 0
vt 20 8 0
vt 21 9 0
vt 18 7 0
vt 19 7 0
vt 20 7 0
vt 21 8 0
vt 18 6 0
vt 19 6 0
vt 17 6 0
vt 17 7 0
vt 17 5 0
vt 18 5 0
vt 19 5 0
vt 20 6 0
vt 17 4 0
vt 18 4 0
vt 16 4 0
vt 16 5 0
vt 16 3 0
vt 17 3 0
vt 18 3 0
vt 19 4 0
vt 16 2 0
vt 17 2 0
vt 15 2 0
vt 15 3 0
vt 15 1 0
vt 16 1 0
vt 17 1 0
vt 18 2 0
vt 15 0.333333 0
vt 16 0.333333 0
vt 14 0.333333 0
vt 14 1 0
vt 14 0 0
vt 15 0 0
vt 16 0 0
vt 17 0.333333 0
vt 17 0 0
vt 18 0.333333 0
vt 18 1 0
vt 18 0 0
vt 19 0.333333 0
vt 19 1 0
vt 19 2 0
vt 20 1 0
vt 20 2 0
vt 19 3 0
vt 20 3 0
vt 20 4 0
vt 21 3 0
vt 21 4 0
vt 21 2 0
vt 21 1 0
vt 20 0.333333 0
vt 21 0.333333 0
vt 19 0 0
vt 20 0 0
vt 21 0 0
vt 21 5 0
vt 20 5 0
vt 21 6 0
vt 21 7 0
vt 13 0 0
vt 12 0 0
vt 13 0.333333 0
vt 12 0.333333 0
vt 13 1 0
vt 11 0 0
vt 11 0.333333 0
vt 12 1 0
vt 13 2 0
vt 14 2 0
vt 14 3 0
vt 12 2 0
vt 13 3 0
vt 11 1 0
vt 11 2 0
vt 12 3 0
vt 13 4 0
vt 14 4 0
vt 11 3 0
vt 12 4 0
vt 10 1 0
vt 10 2 0
vt 10 3 0
vt 11 4 0
vt 12 5 0
vt 13 5 0
vt 10 4 0
vt 11 5 0
vt 9 2 0
vt 9 3 0
vt 9 4 0
vt 8 3 0
vt 8 2 0
vt 7 2 0
vt 7 3 0
vt 6 2 0
vt 6 1 0
vt 7 1 0
vt 8 1 0
vt 6 0.333333 0
vt 7 0.333333 0
vt 5 0.333333 0
vt 5 1 0
vt 5 0 0
vt 6 0 0
vt 7 0 0
vt 8 0.333333 0
vt 8 0 0
vt 9 0.333333 0
vt 9 1 0
vt 9 0 0
vt 10 0.333333 0
vt 10 0 0
vt 4 0 0
vt 3 0 0
vt 4 0.333333 0
vt 3 0.333333 0
vt 4 1 0
vt 2 0 0
vt 3 1 0
vt 5 2 0
vt 13 6 0
vt 14 6 0
vt 14 5 0
vt 15 6 0
vt 15 7 0
vt 16 7 0
vt 15 5 0
vt 16 6 0
vt 15 4 0
vt 17 8 0
vt 21 14 0
vt 20 14 0
vt 21 15 0
vt 19 14 0
vt 20 15 0
vt 18 13 0
vt 18 14 0
vt 19 15 0
vt 20 16 0
vt 21 16 0
vt 18 15 0
vt 19 16 0
vt 17 13 0
vt 17 14 0
vt 17 15 0
vt 18 16 0
vt 19 17 0
vt 20 17 0
vt 17 16 0
vt 18 17 0
vt 16 14 0
vt 16 15 0
vt 16 16 0
vt 17 17 0
vt 18 18 0
vt 19 18 0
vt 16 17 0
vt 17 18 0
vt 15 15 0
vt 15 16 0
vt 15 17 0
vt 16 18 0
vt 17 19 0
vt 18 19 0
vt 15 18 0
vt 16 19 0
vt 14 16 0
vt 14 17 0
vt 14 18 0
vt 15 19 0
vt 16 20 0
vt 17 20 0
vt 14 19 0
vt 15 20 0
vt 13 17 0
vt 13 18 0
vt 13 19 0
vt 14 20 0
vt 15 21 0
vt 16 21 0
vt 13 20 0
vt 14 21 0
vt 15 22 0
vt 16 22 0
vt 13 21 0
vt 14 22 0
vt 12 20 0
vt 12 21 0
vt 13 22 0
vt 11 20 0
vt 11 21 0
vt 12 22 0
vt 10 20 0
vt 10 21 0
vt 11 22 0
vt 9 20 0
vt 9 21 0
vt 10 22 0
vt 8 20 0
vt 8 21 0
vt 9 22 0
vt 7 20 0
vt 7 21 0
vt 8 22 0
vt 6 19 0
vt 6 20 0
vt 7 19 0
vt 6 21 0
vt 7 22 0
vt 8 22.6667 0
vt 6 22 0
vt 7 22.6667 0
vt 5 20 0
vt 5 21 0
vt 5 22 0
vt 6 22.6667 0
vt 7 23 0
vt 8 23 0
vt 5 22.6667 0
vt 6 23 0
vt 4 21 0
vt 4 22 0
vt 4 22.6667 0
vt 5 23 0
vt 3 21 0
vt 3 22 0
vt 3 20 0
vt 4 20 0
vt 2 20 0
vt 2 21 0
vt 2 22 0
vt 3 22.6667 0
vt 1 20 0
vt 1 21 0
vt 1 22 0
vt 2 22.6667 0
vt 3 23 0
vt 4 23 0
vt 2 23 0
vt 1 22.6667 0
vt 1 23 0
vt 0 22 0
vt 0 22.6667 0
vt 0 23 0
vt -1 22 0
vt -1 22.6667 0
vt -1 23 0
vt 0 21 0
vt -1 20 0
vt -1 21 0
vt 0 20 0
vt -1 19 0
vt -1 18 0
vt 0 19 0
vt 0 18 0
vt 1 19 0
vt -1 17 0
vt 0 17 0
vt 1 18 0
vt 2 19 0
vt 1 17 0
vt 2 18 0
vt -1 16 0
vt 0 16 0
vt 1 16 0
vt 2 17 0
vt 3 18 0
vt 3 19 0
vt 2 16 0
vt 3 17 0
vt 0 15 0
vt 1 15 0
vt 2 15 0
vt 3 16 0
vt 4 17 0
vt 4 18 0
vt 3 15 0
vt 4 16 0
vt 1 14 0
vt 2 14 0
vt 3 14 0
vt 4 15 0
vt 5 16 0
vt 5 17 0
vt 4 14 0
vt 5 15 0
vt 2 13 0
vt 3 13 0
vt 4 13 0
vt 5 14 0
vt 6 15 0
vt 6 16 0
vt 5 13 0
vt 6 14 0
vt 3 12 0
vt 4 12 0
vt 5 12 0
vt 6 13 0
vt 7 14 0
vt 7 15 0
vt 6 12 0
vt 7 13 0
vt 4 11 0
vt 5 11 0
vt 6 11 0
vt 7 12 0
vt 8 13 0
vt 8 14 0
vt 7 11 0
vt 8 12 0
vt 5 10 0
vt 6 10 0
vt 7 10 0
vt 8 11 0
vt 9 12 0
vt 9 13 0
vt 8 10 0
vt 9 11 0
vt 6 9 0
vt 7 9 0
vt 8 9 0
vt 9 10 0
vt 10 11 0
vt 10 12 0
vt 9 9 0
vt 10 10 0
vt 7 8 0
vt 8 8 0
vt 10 9 0
vt 11 10 0
vt 11 11 0
vt 6 7 0
vt 5 7 0
vt 6 8 0
vt 4 6 0
vt 4 7 0
vt 5 8 0
vt 4 8 0
vt 5 9 0
vt 3 6 0
vt 3 7 0
vt 3 8 0
vt 4 9 0
vt 3 9 0
vt 4 10 0
vt 2 7 0
vt 2 8 0
vt 2 9 0
vt 3 10 0
vt 2 10 0
vt 3 11 0
vt 1 8 0
vt 1 9 0
vt 1 10 0
vt 2 11 0
vt 1 11 0
vt 2 12 0
vt 0 9 0
vt 0 10 0
vt 0 11 0
vt 1 12 0
vt 0 12 0
vt 1 13 0
vt -1 10 0
vt -1 11 0
vt -1 12 0
vt 0 13 0
vt -1 13 0
vt 0 14 0
vt -1 14 0
vt -1 15 0
vt -1 9 0
vt -1 8 0
vt 0 8 0
vt -1 7 0
vt 0 7 0
vt -1 6 0
vt 0 6 0
vt 1 7 0
vt 1 6 0
vt -1 5 0
vt 0 5 0
vt 1 5 0
vt 2 6 0
vt 2 5 0
vt -1 4 0
vt 12 10 0
vt 12 11 0
vt 13 11 0
vt 12 12 0
vt 13 12 0
vt 11 12 0
vt 12 13 0
vt 13 13 0
vt 14 12 0
vt 14 13 0
vt 13 14 0
vt 14 14 0
vt 11 13 0
vt 12 14 0
vt 13 15 0
vt 14 15 0
vt 15 14 0
vt 12 15 0
vt 13 16 0
vt 12 16 0
vt 11 14 0
vt 11 15 0
vt 11 16 0
vt 12 17 0
vt 11 17 0
vt 12 18 0
vt 10 15 0
vt 10 16 0
vt 10 17 0
vt 11 18 0
vt 12 19 0
vt 10 18 0
vt 11 19 0
vt 9 16 0
vt 9 17 0
vt 9 15 0
vt 8 15 0
vt 8 16 0
vt 8 17 0
vt 9 18 0
vt 7 16 0
vt 7 17 0
vt 6 17 0
vt 7 18 0
vt 8 18 0
vt 6 18 0
vt 8 19 0
vt 9 19 0
vt 5 18 0
vt 5 19 0
vt 4 19 0
vt 10 19 0
vt 9 14 0
vt 10 14 0
vt 10 13 0
vt 15 13 0
vt 15 12 0
vt 16 13 0
vt 16 12 0
vt 14 11 0
vt 9 22.6667 0
vt 9 23 0
vt 10 22.6667 0
vt 10 23 0
vt 11 22.6667 0
vt 11 23 0
vt 12 22.6667 0
vt 12 23 0
vt 13 22.6667 0
vt 13 23 0
vt 14 22.6667 0
vt 14 23 0
vt 15 22.6667 0
vt 15 23 0
vt 16 22.6667 0
vt 16 23 0
vt 17 22.6667 0
vt 17 23 0
vt 17 22 0
vt 18 22.6667 0
vt 18 23 0
vt 18 22 0
vt 19 22.6667 0
vt 19 23 0
vt 19 22 0
vt 20 22.6667 0
vt 20 23 0
vt 20 22 0
vt 21 22.6667 0
vt 21 23 0
vt 21 22 0
vt 17 21 0
vt 18 21 0
vt 18 20 0
vt 19 21 0
vt 19 20 0
vt 20 21 0
vt 19 19 0
vt 20 20 0
vt 20 19 0
vt 21 20 0
vt 21 21 0
vt 20 18 0
vt 21 19 0
vt 21 18 0
vt 21 17 0
f  1/1/1 2/2/2 3/3/3
f  1/1/1 3/3/3 4/4/4
f  2/2/2 5/5/5 3/3/3
f  4/4/4 3/3/3 6/6/6
f  4/4/4 6/6/6 7/7/7
f  3/3/3 8/8/8 6/6/6
f  7/7/7 6/6/6 9/9/9
f  3/3/3 5/5/5 8/8/8
f  2/2/2 10/10/10 5/5/5
f  10/10/10 11/11/11 5/5/5
f  10/10/10 12/12/12 11/11/11
f  12/12/12 13/13/13 11/11/11
f  5/5/5 11/11/11 14/14/14
f  11/11/11 13/13/13 15/15/15
f  11/11/11 15/15/15 14/14/14
f  12/12/12 16/16/16 13/13/13
f  16/16/16 17/17/17 13/13/13
f  13/13/13 17/17/17 18/18/18
f  13/13/13 18/18/18 15/15/15
f  14/14/14 15/15/15 19/19/19
f  5/5/5 14/14/14 8/8/8
f  8/8/8 14/14/14 20/20/20
f  14/14/14 19/19/19 20/20/20
f  15/15/15 21/21/21 19/19/19
f  20/20/20 19/19/19 22/22/22
f  19/19/19 21/21/21 23/23/23
f  19/19/19 23/23/23 22/22/22
f  8/8/8 20/20/20 24/24/24
f  24/24/24 20/20/20 25/25/25
f  20/20/20 22/22/22 25/25/25
f  25/25/25 22/22/22 26/26/26
f  22/22/22 23/23/23 27/27/27
f  22/22/22 27/27/27 26/26/26
f  21/21/21 28/28/28 23/23/23
f  23/23/23 28/28/28 29/29/29
f  23/23/23 29/29/29 27/27/27
f  26/26/26 27/27/27 30/30/30
f  27/27/27 29/29/29 31/31/31
f  27/27/27 31/31/31 30/30/30
f  25/25/25 26/26/26 32/32/32
f  32/32/32 26/26/26 33/33/33
f  26/26/26 30/30/30 33/33/33
f  33/33/33 30/30/30 34/34/34
f  30/30/30 31/31/31 35/35/35
f  30/30/30 35/35/35 34/34/34
f  29/29/29 36/36/36 31/31/31
f  31/31/31 36/36/36 37/37/37
f  31/31/31 37/37/37 35/35/35
f  34/34/34 35/35/35 38/38/38
f  35/35/35 37/37/37 39/39/39
f  35/35/35 39/39/39 38/38/38
f  33/33/33 34/34/34 40/40/40
f  40/40/40 34/34/34 41/41/41
f  34/34/34 38/38/38 41/41/41
f  41/41/41 38/38/38 42/42/42
f  38/38/38 39/39/39 43/43/43
f  38/38/38 43/43/43 42/42/42
f  37/37/37 44/44/44 39/39/39
f  39/39/39 44/44/44 45/45/45
f  39/39/39 45/45/45 43/43/43
f  42/42/42 43/43/43 46/46/46
f  43/43/43 45/45/45 47/47/47
f  43/43/43 47/47/47 46/46/46
f  41/41/41 42/42/42 48/48/48
f  48/48/48 42/42/42 49/49/49
f  42/42/42 46/46/46 49/49/49
f  49/49/49 46/46/46 50/50/50
f  46/46/46 47/47/47 51/51/51
f  46/46/46 51/51/51 50/50/50
f  45/45/45 52/52/52 47/47/47
f  47/47/47 52/52/52 53/53/53
f  47/47/47 53/53/53 51/51/51
f  50/50/50 51/51/51 54/54/54
f  51/51/51 53/53/53 55/55/55
f  51/51/51 55/55/55 54/54/54
f  49/49/49 50/50/50 56/56/56
f  56/56/56 50/50/50 57/57/57
f  50/50/50 54/54/54 57/57/57
f  57/57/57 54/54/54 58/58/58
f  54/54/54 55/55/55 59/59/59
f  54/54/54 59/59/59 58/58/58
f  53/53/53 60/60/60 55/55/55
f  55/55/55 60/60/60 61/61/61
f  55/55/55 61/61/61 59/59/59
f  58/58/58 59/59/59 62/62/62
f  59/59/59 61/61/61 63/63/63
f  59/59/59 63/63/63 62/62/62
f  57/57/57 58/58/58 64/64/64
f  64/64/64 58/58/58 65/65/65
f  58/58/58 62/62/62 65/65/65
f  65/65/65 62/62/62 66/66/66
f  62/62/62 63/63/63 67/67/67
f  62/62/62 67/67/67 66/66/66
f  61/61/61 68/68/68 63/63/63
f  63/63/63 68/68/68 69/69/69
f  63/63/63 69/69/69 67/67/67
f  66/66/66 67/67/67 70/70/70
f  67/67/67 69/69/69 71/71/71
f  67/67/67 71/71/71 70/70/70
f  65/65/65 66/66/66 72/72/72
f  72/72/72 66/66/66 73/73/73
f  66/66/66 70/70/70 73/73/73
f  73/73/73 70/70/70 74/74/74
f  70/70/70 71/71/71 75/75/75
f  70/70/70 75/75/75 74/74/74
f  69/69/69 76/76/76 71/71/71
f  71/71/71 76/76/76 77/77/77
f  71/71/71 77/77/77 75/75/75
f  74/74/74 75/75/75 78/78/78
f  75/75/75 77/77/77 79/79/79
f  75/75/75 79/79/79 78/78/78
f  73/73/73 74/74/74 80/80/80
f  80/80/80 74/74/74 81/81/81
f  74/74/74 78/78/78 81/81/81
f  81/81/81 78/78/78 82/82/82
f  78/78/78 79/79/79 83/83/83
f  78/78/78 83/83/83 82/82/82
f  77/77/77 84/84/84 79/79/79
f  79/79/79 84/84/84 85/85/85
f  79/79/79 85/85/85 83/83/83
f  82/82/82 83/83/83 86/86/86
f  83/83/83 85/85/85 87/87/87
f  83/83/83 87/87/87 86/86/86
f  81/81/81 82/82/82 88/88/88
f  88/88/88 82/82/82 89/89/89
f  82/82/82 86/86/86 89/89/89
f  89/89/89 86/86/86 90/90/90
f  86/86/86 87/87/87 91/91/91
f  86/86/86 91/91/91 90/90/90
f  85/85/85 92/92/92 87/87/87
f  87/87/87 92/92/92 93/93/93
f  87/87/87 93/93/93 91/91/91
f  90/90/90 91/91/91 94/94/94
f  91/91/91 93/93/93 95/95/95
f  91/91/91 95/95/95 94/94/94
f  89/89/89 90/90/90 96/96/96
f  96/96/96 90/90/90 97/97/97
f  90/90/90 94/94/94 97/97/97
f  98/98/98 89/89/89 96/96/96
f  98/98/98 96/96/96 99/99/99
f  99/99/99 96/96/96 100/100/100
f  96/96/96 97/97/97 100/100/100
f  101/101/101 88/88/88 98/98/98
f  101/101/101 98/98/98 102/102/102
f  88/88/88 89/89/89 98/98/98
f  102/102/102 98/98/98 99/99/99
f  102/102/102 99/99/99 103/103/103
f  103/103/103 99/99/99 104/104/104
f  99/99/99 100/100/100 104/104/104
f  105/105/105 101/101/101 102/102/102
f  105/105/105 102/102/102 106/106/106
f  106/106/106 102/102/102 103/103/103
f  106/106/106 103/103/103 107/107/107
f  107/107/107 103/103/103 108/108/108
f  103/103/103 104/104/104 108/108/108
f  109/109/109 105/105/105 106/106/106
f  109/109/109 106/106/106 110/110/110
f  110/110/110 106/106/106 107/107/107
f  111/111/111 112/112/112 105/105/105
f  111/111/111 105/105/105 109/109/109
f  112/112/112 101/101/101 105/105/105
f  113/113/113 111/111/111 109/109/109
f  113/113/113 109/109/109 114/114/114
f  114/114/114 109/109/109 110/110/110
f  114/114/114 110/110/110 115/115/115
f  115/115/115 110/110/110 116/116/116
f  110/110/110 107/107/107 116/116/116
f  117/117/117 113/113/113 114/114/114
f  117/117/117 114/114/114 118/118/118
f  118/118/118 114/114/114 115/115/115
f  119/119/119 120/120/120 113/113/113
f  119/119/119 113/113/113 117/117/117
f  120/120/120 111/111/111 113/113/113
f  121/121/121 119/119/119 117/117/117
f  121/121/121 117/117/117 122/122/122
f  122/122/122 117/117/117 118/118/118
f  122/122/122 118/118/118 123/123/123
f  123/123/123 118/118/118 124/124/124
f  118/118/118 115/115/115 124/124/124
f  125/125/125 121/121/121 122/122/122
f  125/125/125 122/122/122 126/126/126
f  126/126/126 122/122/122 123/123/123
f  127/127/127 128/128/128 121/121/121
f  127/127/127 121/121/121 125/125/125
f  128/128/128 119/119/119 121/121/121
f  129/129/129 127/127/127 125/125/125
f  129/129/129 125/125/125 130/130/130
f  130/130/130 125/125/125 126/126/126
f  130/130/130 126/126/126 131/131/131
f  131/131/131 126/126/126 132/132/132
f  126/126/126 123/123/123 132/132/132
f  133/133/133 129/129/129 130/130/130
f  133/133/133 130/130/130 134/134/134
f  134/134/134 130/130/130 131/131/131
f  135/135/135 136/136/136 129/129/129
f  135/135/135 129/129/129 133/133/133
f  136/136/136 127/127/127 129/129/129
f  137/137/137 135/135/135 133/133/133
f  137/137/137 133/133/133 138/138/138
f  138/138/138 133/133/133 134/134/134
f  138/138/138 134/134/134 139/139/139
f  139/139/139 134/134/134 140/140/140
f  134/134/134 131/131/131 140/140/140
f  139/139/139 140/140/140 141/141/141
f  141/141/141 140/140/140 142/142/142
f  140/140/140 131/131/131 143/143/143
f  140/140/140 143/143/143 142/142/142
f  141/141/141 142/142/142 144/144/144
f  144/144/144 142/142/142 145/145/145
f  142/142/142 143/143/143 146/146/146
f  142/142/142 146/146/146 145/145/145
f  131/131/131 132/132/132 143/143/143
f  143/143/143 132/132/132 147/147/147
f  143/143/143 147/147/147 146/146/146
f  145/145/145 146/146/146 148/148/148
f  146/146/146 147/147/147 149/149/149
f  146/146/146 149/149/149 148/148/148
f  132/132/132 150/150/150 147/147/147
f  147/147/147 150/150/150 151/151/151
f  147/147/147 151/151/151 149/149/149
f  132/132/132 123/123/123 150/150/150
f  123/123/123 124/124/124 150/150/150
f  150/150/150 124/124/124 152/152/152
f  150/150/150 152/152/152 151/151/151
f  149/149/149 151/151/151 153/153/153
f  151/151/151 152/152/152 154/154/154
f  151/151/151 154/154/154 153/153/153
f  148/148/148 149/149/149 155/155/155
f  149/149/149 153/153/153 155/155/155
f  148/148/148 155/155/155 156/156/156
f  157/157/157 148/148/148 156/156/156
f  157/157/157 156/156/156 158/158/158
f  159/159/159 145/145/145 157/157/157
f  159/159/159 157/157/157 160/160/160
f  145/145/145 148/148/148 157/157/157
f  160/160/160 157/157/157 158/158/158
f  160/160/160 158/158/158 161/161/161
f  144/144/144 145/145/145 159/159/159
f  152/152/152 162/162/162 154/154/154
f  124/124/124 163/163/163 152/152/152
f  152/152/152 163/163/163 162/162/162
f  163/163/163 164/164/164 162/162/162
f  124/124/124 115/115/115 163/163/163
f  115/115/115 116/116/116 163/163/163
f  163/163/163 116/116/116 164/164/164
f  116/116/116 165/165/165 164/164/164
f  116/116/116 107/107/107 165/165/165
f  107/107/107 108/108/108 165/165/165
f  166/166/166 135/135/135 137/137/137
f  167/167/167 168/168/168 166/166/166
f  166/166/166 168/168/168 135/135/135
f  168/168/168 136/136/136 135/135/135
f  167/167/167 169/169/169 168/168/168
f  169/169/169 170/170/170 168/168/168
f  168/168/168 170/170/170 136/136/136
f  171/171/171 169/169/169 167/167/167
f  171/171/171 172/172/172 169/169/169
f  172/172/172 173/173/173 169/169/169
f  169/169/169 173/173/173 170/170/170
f  173/173/173 174/174/174 170/170/170
f  170/170/170 174/174/174 175/175/175
f  170/170/170 175/175/175 136/136/136
f  136/136/136 175/175/175 127/127/127
f  174/174/174 176/176/176 175/175/175
f  175/175/175 176/176/176 128/128/128
f  175/175/175 128/128/128 127/127/127
f  173/173/173 177/177/177 174/174/174
f  177/177/177 178/178/178 174/174/174
f  174/174/174 178/178/178 176/176/176
f  172/172/172 179/179/179 173/173/173
f  179/179/179 177/177/177 173/173/173
f  179/179/179 180/180/180 177/177/177
f  180/180/180 181/181/181 177/177/177
f  177/177/177 181/181/181 178/178/178
f  181/181/181 182/182/182 178/178/178
f  178/178/178 182/182/182 183/183/183
f  178/178/178 183/183/183 176/176/176
f  180/180/180 184/184/184 181/181/181
f  184/184/184 185/185/185 181/181/181
f  181/181/181 185/185/185 182/182/182
f  186/186/186 187/187/187 180/180/180
f  186/186/186 180/180/180 179/179/179
f  187/187/187 184/184/184 180/180/180
f  187/187/187 188/188/188 184/184/184
f  188/188/188 189/189/189 184/184/184
f  184/184/184 189/189/189 185/185/185
f  189/189/189 190/190/190 185/185/185
f  185/185/185 190/190/190 191/191/191
f  185/185/185 191/191/191 182/182/182
f  188/188/188 192/192/192 189/189/189
f  192/192/192 193/193/193 189/189/189
f  189/189/189 193/193/193 190/190/190
f  194/194/194 195/195/195 188/188/188
f  194/194/194 188/188/188 187/187/187
f  195/195/195 192/192/192 188/188/188
f  195/195/195 196/196/196 192/192/192
f  196/196/196 56/56/56 192/192/192
f  192/192/192 56/56/56 193/193/193
f  56/56/56 57/57/57 193/193/193
f  193/193/193 57/57/57 64/64/64
f  193/193/193 64/64/64 190/190/190
f  196/196/196 49/49/49 56/56/56
f  197/197/197 48/48/48 196/196/196
f  197/197/197 196/196/196 195/195/195
f  48/48/48 49/49/49 196/196/196
f  198/198/198 197/197/197 195/195/195
f  198/198/198 195/195/195 194/194/194
f  199/199/199 200/200/200 197/197/197
f  199/199/199 197/197/197 198/198/198
f  200/200/200 48/48/48 197/197/197
f  200/200/200 41/41/41 48/48/48
f  201/201/201 40/40/40 200/200/200
f  201/201/201 200/200/200 199/199/199
f  40/40/40 41/41/41 200/200/200
f  202/202/202 201/201/201 199/199/199
f  202/202/202 199/199/199 203/203/203
f  203/203/203 199/199/199 198/198/198
f  203/203/203 198/198/198 204/204/204
f  204/204/204 198/198/198 194/194/194
f  205/205/205 202/202/202 203/203/203
f  205/205/205 203/203/203 206/206/206
f  206/206/206 203/203/203 204/204/204
f  207/207/207 208/208/208 202/202/202
f  207/207/207 202/202/202 205/205/205
f  208/208/208 201/201/201 202/202/202
f  209/209/209 207/207/207 205/205/205
f  209/209/209 205/205/205 210/210/210
f  210/210/210 205/205/205 206/206/206
f  210/210/210 206/206/206 211/211/211
f  211/211/211 206/206/206 212/212/212
f  206/206/206 204/204/204 212/212/212
f  211/211/211 212/212/212 213/213/213
f  213/213/213 212/212/212 214/214/214
f  212/212/212 204/204/204 215/215/215
f  212/212/212 215/215/215 214/214/214
f  213/213/213 214/214/214 216/216/216
f  216/216/216 214/214/214 217/217/217
f  214/214/214 215/215/215 186/186/186
f  214/214/214 186/186/186 217/217/217
f  204/204/204 194/194/194 215/215/215
f  215/215/215 194/194/194 187/187/187
f  215/215/215 187/187/187 186/186/186
f  217/217/217 186/186/186 179/179/179
f  216/216/216 217/217/217 218/218/218
f  218/218/218 217/217/217 172/172/172
f  217/217/217 179/179/179 172/172/172
f  218/218/218 172/172/172 171/171/171
f  219/219/219 207/207/207 209/209/209
f  220/220/220 221/221/221 219/219/219
f  219/219/219 221/221/221 207/207/207
f  221/221/221 208/208/208 207/207/207
f  220/220/220 222/222/222 221/221/221
f  222/222/222 223/223/223 221/221/221
f  221/221/221 223/223/223 208/208/208
f  224/224/224 222/222/222 220/220/220
f  224/224/224 9/9/9 222/222/222
f  9/9/9 225/225/225 222/222/222
f  222/222/222 225/225/225 223/223/223
f  225/225/225 32/32/32 223/223/223
f  223/223/223 32/32/32 226/226/226
f  223/223/223 226/226/226 208/208/208
f  208/208/208 226/226/226 201/201/201
f  32/32/32 33/33/33 226/226/226
f  226/226/226 33/33/33 40/40/40
f  226/226/226 40/40/40 201/201/201
f  225/225/225 25/25/25 32/32/32
f  9/9/9 24/24/24 225/225/225
f  24/24/24 25/25/25 225/225/225
f  6/6/6 8/8/8 24/24/24
f  6/6/6 24/24/24 9/9/9
f  7/7/7 9/9/9 224/224/224
f  190/190/190 64/64/64 227/227/227
f  190/190/190 227/227/227 191/191/191
f  64/64/64 65/65/65 227/227/227
f  191/191/191 227/227/227 228/228/228
f  227/227/227 65/65/65 72/72/72
f  227/227/227 72/72/72 228/228/228
f  182/182/182 191/191/191 229/229/229
f  191/191/191 228/228/228 229/229/229
f  229/229/229 228/228/228 230/230/230
f  228/228/228 72/72/72 231/231/231
f  228/228/228 231/231/231 230/230/230
f  72/72/72 73/73/73 231/231/231
f  230/230/230 231/231/231 232/232/232
f  231/231/231 73/73/73 80/80/80
f  231/231/231 80/80/80 232/232/232
f  229/229/229 230/230/230 233/233/233
f  233/233/233 230/230/230 234/234/234
f  230/230/230 232/232/232 234/234/234
f  182/182/182 229/229/229 183/183/183
f  183/183/183 229/229/229 233/233/233
f  183/183/183 233/233/233 235/235/235
f  235/235/235 233/233/233 120/120/120
f  233/233/233 234/234/234 120/120/120
f  120/120/120 234/234/234 111/111/111
f  234/234/234 232/232/232 112/112/112
f  234/234/234 112/112/112 111/111/111
f  235/235/235 120/120/120 119/119/119
f  176/176/176 183/183/183 235/235/235
f  176/176/176 235/235/235 128/128/128
f  128/128/128 235/235/235 119/119/119
f  232/232/232 236/236/236 112/112/112
f  112/112/112 236/236/236 101/101/101
f  232/232/232 80/80/80 236/236/236
f  80/80/80 81/81/81 236/236/236
f  236/236/236 81/81/81 88/88/88
f  236/236/236 88/88/88 101/101/101
f  93/93/93 237/237/237 95/95/95
f  92/92/92 238/238/238 93/93/93
f  93/93/93 238/238/238 237/237/237
f  238/238/238 239/239/239 237/237/237
f  92/92/92 240/240/240 238/238/238
f  240/240/240 241/241/241 238/238/238
f  238/238/238 241/241/241 239/239/239
f  85/85/85 242/242/242 92/92/92
f  242/242/242 240/240/240 92/92/92
f  242/242/242 243/243/243 240/240/240
f  243/243/243 244/244/244 240/240/240
f  240/240/240 244/244/244 241/241/241
f  244/244/244 245/245/245 241/241/241
f  241/241/241 245/245/245 246/246/246
f  241/241/241 246/246/246 239/239/239
f  243/243/243 247/247/247 244/244/244
f  247/247/247 248/248/248 244/244/244
f  244/244/244 248/248/248 245/245/245
f  249/249/249 250/250/250 243/243/243
f  249/249/249 243/243/243 242/242/242
f  250/250/250 247/247/247 243/243/243
f  250/250/250 251/251/251 247/247/247
f  251/251/251 252/252/252 247/247/247
f  247/247/247 252/252/252 248/248/248
f  252/252/252 253/253/253 248/248/248
f  248/248/248 253/253/253 254/254/254
f  248/248/248 254/254/254 245/245/245
f  251/251/251 255/255/255 252/252/252
f  255/255/255 256/256/256 252/252/252
f  252/252/252 256/256/256 253/253/253
f  257/257/257 258/258/258 251/251/251
f  257/257/257 251/251/251 250/250/250
f  258/258/258 255/255/255 251/251/251
f  258/258/258 259/259/259 255/255/255
f  259/259/259 260/260/260 255/255/255
f  255/255/255 260/260/260 256/256/256
f  260/260/260 261/261/261 256/256/256
f  256/256/256 261/261/261 262/262/262
f  256/256/256 262/262/262 253/253/253
f  259/259/259 263/263/263 260/260/260
f  263/263/263 264/264/264 260/260/260
f  260/260/260 264/264/264 261/261/261
f  265/265/265 266/266/266 259/259/259
f  265/265/265 259/259/259 258/258/258
f  266/266/266 263/263/263 259/259/259
f  266/266/266 267/267/267 263/263/263
f  267/267/267 268/268/268 263/263/263
f  263/263/263 268/268/268 264/264/264
f  268/268/268 269/269/269 264/264/264
f  264/264/264 269/269/269 270/270/270
f  264/264/264 270/270/270 261/261/261
f  267/267/267 271/271/271 268/268/268
f  271/271/271 272/272/272 268/268/268
f  268/268/268 272/272/272 269/269/269
f  273/273/273 274/274/274 267/267/267
f  273/273/273 267/267/267 266/266/266
f  274/274/274 271/271/271 267/267/267
f  274/274/274 275/275/275 271/271/271
f  275/275/275 276/276/276 271/271/271
f  271/271/271 276/276/276 272/272/272
f  276/276/276 277/277/277 272/272/272
f  272/272/272 277/277/277 278/278/278
f  272/272/272 278/278/278 269/269/269
f  275/275/275 279/279/279 276/276/276
f  279/279/279 280/280/280 276/276/276
f  276/276/276 280/280/280 277/277/277
f  281/281/281 282/282/282 275/275/275
f  281/281/281 275/275/275 274/274/274
f  282/282/282 279/279/279 275/275/275
f  282/282/282 283/283/283 279/279/279
f  279/279/279 284/284/284 280/280/280
f  284/284/284 285/285/285 280/280/280
f  280/280/280 285/285/285 286/286/286
f  280/280/280 286/286/286 277/277/277
f  283/283/283 287/287/287 284/284/284
f  283/283/283 284/284/284 279/279/279
f  287/287/287 288/288/288 284/284/284
f  284/284/284 288/288/288 285/285/285
f  288/288/288 289/289/289 285/285/285
f  285/285/285 289/289/289 290/290/290
f  285/285/285 290/290/290 286/286/286
f  287/287/287 291/291/291 288/288/288
f  291/291/291 292/292/292 288/288/288
f  288/288/288 292/292/292 289/289/289
f  293/293/293 294/294/294 291/291/291
f  293/293/293 291/291/291 287/287/287
f  294/294/294 295/295/295 291/291/291
f  291/291/291 295/295/295 292/292/292
f  296/296/296 294/294/294 293/293/293
f  296/296/296 297/297/297 294/294/294
f  297/297/297 298/298/298 294/294/294
f  294/294/294 298/298/298 295/295/295
f  299/299/299 297/297/297 296/296/296
f  299/299/299 300/300/300 297/297/297
f  300/300/300 301/301/301 297/297/297
f  297/297/297 301/301/301 298/298/298
f  302/302/302 300/300/300 299/299/299
f  302/302/302 303/303/303 300/300/300
f  303/303/303 304/304/304 300/300/300
f  300/300/300 304/304/304 301/301/301
f  305/305/305 303/303/303 302/302/302
f  305/305/305 306/306/306 303/303/303
f  306/306/306 307/307/307 303/303/303
f  303/303/303 307/307/307 304/304/304
f  308/308/308 309/309/309 306/306/306
f  308/308/308 306/306/306 305/305/305
f  309/309/309 310/310/310 306/306/306
f  306/306/306 310/310/310 307/307/307
f  311/311/311 312/312/312 308/308/308
f  311/311/311 308/308/308 313/313/313
f  312/312/312 309/309/309 308/308/308
f  313/313/313 308/308/308 305/305/305
f  312/312/312 314/314/314 309/309/309
f  314/314/314 315/315/315 309/309/309
f  309/309/309 315/315/315 310/310/310
f  315/315/315 316/316/316 310/310/310
f  314/314/314 317/317/317 315/315/315
f  317/317/317 318/318/318 315/315/315
f  315/315/315 318/318/318 316/316/316
f  319/319/319 320/320/320 314/314/314
f  319/319/319 314/314/314 312/312/312
f  320/320/320 317/317/317 314/314/314
f  320/320/320 321/321/321 317/317/317
f  321/321/321 322/322/322 317/317/317
f  317/317/317 322/322/322 318/318/318
f  322/322/322 323/323/323 318/318/318
f  318/318/318 323/323/323 324/324/324
f  318/318/318 324/324/324 316/316/316
f  321/321/321 325/325/325 322/322/322
f  325/325/325 326/326/326 322/322/322
f  322/322/322 326/326/326 323/323/323
f  327/327/327 328/328/328 321/321/321
f  327/327/327 321/321/321 320/320/320
f  328/328/328 325/325/325 321/321/321
f  328/328/328 329/329/329 325/325/325
f  329/329/329 330/330/330 325/325/325
f  325/325/325 330/330/330 326/326/326
f  331/331/331 332/332/332 328/328/328
f  331/331/331 328/328/328 327/327/327
f  332/332/332 329/329/329 328/328/328
f  333/333/333 331/331/331 327/327/327
f  333/333/333 327/327/327 334/334/334
f  334/334/334 327/327/327 320/320/320
f  335/335/335 336/336/336 331/331/331
f  335/335/335 331/331/331 333/333/333
f  336/336/336 332/332/332 331/331/331
f  336/336/336 337/337/337 332/332/332
f  332/332/332 338/338/338 329/329/329
f  339/339/339 340/340/340 336/336/336
f  339/339/339 336/336/336 335/335/335
f  340/340/340 337/337/337 336/336/336
f  340/340/340 341/341/341 337/337/337
f  337/337/337 342/342/342 338/338/338
f  337/337/337 338/338/338 332/332/332
f  342/342/342 343/343/343 338/338/338
f  338/338/338 343/343/343 344/344/344
f  338/338/338 344/344/344 329/329/329
f  342/342/342 345/345/345 343/343/343
f  341/341/341 346/346/346 342/342/342
f  341/341/341 342/342/342 337/337/337
f  346/346/346 345/345/345 342/342/342
f  346/346/346 347/347/347 345/345/345
f  348/348/348 349/349/349 346/346/346
f  348/348/348 346/346/346 341/341/341
f  349/349/349 347/347/347 346/346/346
f  349/349/349 350/350/350 347/347/347
f  351/351/351 352/352/352 349/349/349
f  351/351/351 349/349/349 348/348/348
f  352/352/352 350/350/350 349/349/349
f  352/352/352 353/353/353 350/350/350
f  329/329/329 344/344/344 330/330/330
f  354/354/354 348/348/348 341/341/341
f  354/354/354 341/341/341 340/340/340
f  355/355/355 356/356/356 354/354/354
f  355/355/355 354/354/354 357/357/357
f  356/356/356 348/348/348 354/354/354
f  357/357/357 354/354/354 340/340/340
f  356/356/356 351/351/351 348/348/348
f  357/357/357 340/340/340 339/339/339
f  358/358/358 355/355/355 357/357/357
f  359/359/359 358/358/358 360/360/360
f  358/358/358 357/357/357 360/360/360
f  360/360/360 357/357/357 339/339/339
f  359/359/359 360/360/360 361/361/361
f  361/361/361 360/360/360 362/362/362
f  360/360/360 339/339/339 362/362/362
f  363/363/363 359/359/359 361/361/361
f  363/363/363 361/361/361 364/364/364
f  364/364/364 361/361/361 365/365/365
f  361/361/361 362/362/362 365/365/365
f  365/365/365 362/362/362 366/366/366
f  362/362/362 339/339/339 335/335/335
f  362/362/362 335/335/335 366/366/366
f  364/364/364 365/365/365 367/367/367
f  367/367/367 365/365/365 368/368/368
f  365/365/365 366/366/366 368/368/368
f  369/369/369 363/363/363 364/364/364
f  369/369/369 364/364/364 370/370/370
f  370/370/370 364/364/364 367/367/367
f  370/370/370 367/367/367 371/371/371
f  371/371/371 367/367/367 372/372/372
f  367/367/367 368/368/368 372/372/372
f  372/372/372 368/368/368 373/373/373
f  368/368/368 366/366/366 374/374/374
f  368/368/368 374/374/374 373/373/373
f  371/371/371 372/372/372 375/375/375
f  375/375/375 372/372/372 376/376/376
f  372/372/372 373/373/373 376/376/376
f  377/377/377 370/370/370 371/371/371
f  377/377/377 371/371/371 378/378/378
f  378/378/378 371/371/371 375/375/375
f  378/378/378 375/375/375 379/379/379
f  379/379/379 375/375/375 380/380/380
f  375/375/375 376/376/376 380/380/380
f  380/380/380 376/376/376 381/381/381
f  376/376/376 373/373/373 382/382/382
f  376/376/376 382/382/382 381/381/381
f  379/379/379 380/380/380 383/383/383
f  383/383/383 380/380/380 384/384/384
f  380/380/380 381/381/381 384/384/384
f  385/385/385 378/378/378 379/379/379
f  385/385/385 379/379/379 386/386/386
f  386/386/386 379/379/379 383/383/383
f  386/386/386 383/383/383 387/387/387
f  387/387/387 383/383/383 388/388/388
f  383/383/383 384/384/384 388/388/388
f  388/388/388 384/384/384 389/389/389
f  384/384/384 381/381/381 390/390/390
f  384/384/384 390/390/390 389/389/389
f  387/387/387 388/388/388 391/391/391
f  391/391/391 388/388/388 392/392/392
f  388/388/388 389/389/389 392/392/392
f  393/393/393 386/386/386 387/387/387
f  393/393/393 387/387/387 394/394/394
f  394/394/394 387/387/387 391/391/391
f  394/394/394 391/391/391 395/395/395
f  395/395/395 391/391/391 396/396/396
f  391/391/391 392/392/392 396/396/396
f  396/396/396 392/392/392 397/397/397
f  392/392/392 389/389/389 398/398/398
f  392/392/392 398/398/398 397/397/397
f  395/395/395 396/396/396 399/399/399
f  399/399/399 396/396/396 400/400/400
f  396/396/396 397/397/397 400/400/400
f  401/401/401 394/394/394 395/395/395
f  401/401/401 395/395/395 402/402/402
f  402/402/402 395/395/395 399/399/399
f  402/402/402 399/399/399 403/403/403
f  403/403/403 399/399/399 404/404/404
f  399/399/399 400/400/400 404/404/404
f  404/404/404 400/400/400 405/405/405
f  400/400/400 397/397/397 406/406/406
f  400/400/400 406/406/406 405/405/405
f  403/403/403 404/404/404 407/407/407
f  407/407/407 404/404/404 408/408/408
f  404/404/404 405/405/405 408/408/408
f  409/409/409 402/402/402 403/403/403
f  409/409/409 403/403/403 410/410/410
f  410/410/410 403/403/403 407/407/407
f  410/410/410 407/407/407 411/411/411
f  411/411/411 407/407/407 412/412/412
f  407/407/407 408/408/408 412/412/412
f  412/412/412 408/408/408 413/413/413
f  408/408/408 405/405/405 414/414/414
f  408/408/408 414/414/414 413/413/413
f  411/411/411 412/412/412 415/415/415
f  415/415/415 412/412/412 416/416/416
f  412/412/412 413/413/413 416/416/416
f  417/417/417 410/410/410 411/411/411
f  417/417/417 411/411/411 418/418/418
f  418/418/418 411/411/411 415/415/415
f  418/418/418 415/415/415 419/419/419
f  419/419/419 415/415/415 420/420/420
f  415/415/415 416/416/416 420/420/420
f  420/420/420 416/416/416 421/421/421
f  416/416/416 413/413/413 422/422/422
f  416/416/416 422/422/422 421/421/421
f  419/419/419 420/420/420 423/423/423
f  423/423/423 420/420/420 424/424/424
f  420/420/420 421/421/421 424/424/424
f  425/425/425 418/418/418 419/419/419
f  425/425/425 419/419/419 426/426/426
f  426/426/426 419/419/419 423/423/423
f  426/426/426 423/423/423 427/427/427
f  427/427/427 423/423/423 428/428/428
f  423/423/423 424/424/424 428/428/428
f  428/428/428 424/424/424 429/429/429
f  424/424/424 421/421/421 430/430/430
f  424/424/424 430/430/430 429/429/429
f  427/427/427 428/428/428 431/431/431
f  431/431/431 428/428/428 432/432/432
f  428/428/428 429/429/429 432/432/432
f  433/433/433 426/426/426 427/427/427
f  433/433/433 427/427/427 434/434/434
f  434/434/434 427/427/427 431/431/431
f  434/434/434 431/431/431 52/52/52
f  52/52/52 431/431/431 435/435/435
f  431/431/431 432/432/432 435/435/435
f  435/435/435 432/432/432 436/436/436
f  432/432/432 429/429/429 437/437/437
f  432/432/432 437/437/437 436/436/436
f  52/52/52 435/435/435 53/53/53
f  53/53/53 435/435/435 60/60/60
f  435/435/435 436/436/436 60/60/60
f  45/45/45 434/434/434 52/52/52
f  44/44/44 433/433/433 434/434/434
f  44/44/44 434/434/434 45/45/45
f  37/37/37 438/438/438 44/44/44
f  438/438/438 433/433/433 44/44/44
f  36/36/36 438/438/438 37/37/37
f  36/36/36 439/439/439 438/438/438
f  439/439/439 440/440/440 438/438/438
f  438/438/438 440/440/440 433/433/433
f  29/29/29 441/441/441 36/36/36
f  441/441/441 439/439/439 36/36/36
f  441/441/441 442/442/442 439/439/439
f  442/442/442 443/443/443 439/439/439
f  439/439/439 443/443/443 440/440/440
f  443/443/443 425/425/425 440/440/440
f  440/440/440 425/425/425 426/426/426
f  440/440/440 426/426/426 433/433/433
f  442/442/442 444/444/444 443/443/443
f  444/444/444 445/445/445 443/443/443
f  443/443/443 445/445/445 425/425/425
f  446/446/446 447/447/447 442/442/442
f  446/446/446 442/442/442 441/441/441
f  447/447/447 444/444/444 442/442/442
f  447/447/447 448/448/448 444/444/444
f  448/448/448 449/449/449 444/444/444
f  444/444/444 449/449/449 445/445/445
f  449/449/449 417/417/417 445/445/445
f  445/445/445 417/417/417 418/418/418
f  445/445/445 418/418/418 425/425/425
f  448/448/448 450/450/450 449/449/449
f  450/450/450 451/451/451 449/449/449
f  449/449/449 451/451/451 417/417/417
f  452/452/452 453/453/453 448/448/448
f  452/452/452 448/448/448 447/447/447
f  453/453/453 450/450/450 448/448/448
f  453/453/453 454/454/454 450/450/450
f  454/454/454 455/455/455 450/450/450
f  450/450/450 455/455/455 451/451/451
f  455/455/455 409/409/409 451/451/451
f  451/451/451 409/409/409 410/410/410
f  451/451/451 410/410/410 417/417/417
f  454/454/454 456/456/456 455/455/455
f  456/456/456 457/457/457 455/455/455
f  455/455/455 457/457/457 409/409/409
f  458/458/458 459/459/459 454/454/454
f  458/458/458 454/454/454 453/453/453
f  459/459/459 456/456/456 454/454/454
f  459/459/459 460/460/460 456/456/456
f  460/460/460 461/461/461 456/456/456
f  456/456/456 461/461/461 457/457/457
f  461/461/461 401/401/401 457/457/457
f  457/457/457 401/401/401 402/402/402
f  457/457/457 402/402/402 409/409/409
f  460/460/460 462/462/462 461/461/461
f  462/462/462 463/463/463 461/461/461
f  461/461/461 463/463/463 401/401/401
f  464/464/464 465/465/465 460/460/460
f  464/464/464 460/460/460 459/459/459
f  465/465/465 462/462/462 460/460/460
f  465/465/465 466/466/466 462/462/462
f  466/466/466 467/467/467 462/462/462
f  462/462/462 467/467/467 463/463/463
f  467/467/467 393/393/393 463/463/463
f  463/463/463 393/393/393 394/394/394
f  463/463/463 394/394/394 401/401/401
f  466/466/466 468/468/468 467/467/467
f  468/468/468 469/469/469 467/467/467
f  467/467/467 469/469/469 393/393/393
f  470/470/470 471/471/471 466/466/466
f  470/470/470 466/466/466 465/465/465
f  471/471/471 468/468/468 466/466/466
f  471/471/471 472/472/472 468/468/468
f  472/472/472 473/473/473 468/468/468
f  468/468/468 473/473/473 469/469/469
f  473/473/473 385/385/385 469/469/469
f  469/469/469 385/385/385 386/386/386
f  469/469/469 386/386/386 393/393/393
f  472/472/472 474/474/474 473/473/473
f  474/474/474 475/475/475 473/473/473
f  473/473/473 475/475/475 385/385/385
f  475/475/475 378/378/378 385/385/385
f  474/474/474 476/476/476 475/475/475
f  476/476/476 377/377/377 475/475/475
f  475/475/475 377/377/377 378/378/378
f  476/476/476 477/477/477 377/377/377
f  477/477/477 370/370/370 377/377/377
f  477/477/477 369/369/369 370/370/370
f  478/478/478 470/470/470 465/465/465
f  478/478/478 465/465/465 464/464/464
f  479/479/479 478/478/478 464/464/464
f  479/479/479 464/464/464 480/480/480
f  480/480/480 464/464/464 459/459/459
f  481/481/481 479/479/479 480/480/480
f  481/481/481 480/480/480 482/482/482
f  482/482/482 480/480/480 458/458/458
f  480/480/480 459/459/459 458/458/458
f  483/483/483 481/481/481 482/482/482
f  483/483/483 482/482/482 484/484/484
f  484/484/484 482/482/482 485/485/485
f  482/482/482 458/458/458 485/485/485
f  485/485/485 458/458/458 453/453/453
f  484/484/484 485/485/485 486/486/486
f  486/486/486 485/485/485 452/452/452
f  485/485/485 453/453/453 452/452/452
f  487/487/487 483/483/483 484/484/484
f  487/487/487 484/484/484 488/488/488
f  488/488/488 484/484/484 486/486/486
f  488/488/488 486/486/486 489/489/489
f  489/489/489 486/486/486 490/490/490
f  486/486/486 452/452/452 490/490/490
f  490/490/490 452/452/452 447/447/447
f  489/489/489 490/490/490 491/491/491
f  491/491/491 490/490/490 446/446/446
f  490/490/490 447/447/447 446/446/446
f  17/17/17 488/488/488 489/489/489
f  17/17/17 489/489/489 18/18/18
f  18/18/18 489/489/489 491/491/491
f  492/492/492 487/487/487 488/488/488
f  492/492/492 488/488/488 17/17/17
f  16/16/16 492/492/492 17/17/17
f  18/18/18 491/491/491 21/21/21
f  21/21/21 491/491/491 28/28/28
f  491/491/491 446/446/446 28/28/28
f  28/28/28 446/446/446 441/441/441
f  28/28/28 441/441/441 29/29/29
f  15/15/15 18/18/18 21/21/21
f  60/60/60 436/436/436 493/493/493
f  60/60/60 493/493/493 61/61/61
f  436/436/436 437/437/437 494/494/494
f  436/436/436 494/494/494 493/493/493
f  61/61/61 493/493/493 68/68/68
f  493/493/493 494/494/494 495/495/495
f  493/493/493 495/495/495 68/68/68
f  437/437/437 496/496/496 494/494/494
f  494/494/494 496/496/496 497/497/497
f  494/494/494 497/497/497 495/495/495
f  429/429/429 498/498/498 437/437/437
f  437/437/437 498/498/498 496/496/496
f  498/498/498 499/499/499 496/496/496
f  496/496/496 499/499/499 500/500/500
f  496/496/496 500/500/500 497/497/497
f  495/495/495 497/497/497 501/501/501
f  497/497/497 500/500/500 502/502/502
f  497/497/497 502/502/502 501/501/501
f  499/499/499 503/503/503 500/500/500
f  500/500/500 503/503/503 504/504/504
f  500/500/500 504/504/504 502/502/502
f  498/498/498 505/505/505 499/499/499
f  505/505/505 506/506/506 499/499/499
f  499/499/499 506/506/506 503/503/503
f  506/506/506 507/507/507 503/503/503
f  503/503/503 507/507/507 508/508/508
f  503/503/503 508/508/508 504/504/504
f  502/502/502 504/504/504 509/509/509
f  504/504/504 508/508/508 265/265/265
f  504/504/504 265/265/265 509/509/509
f  507/507/507 273/273/273 508/508/508
f  508/508/508 273/273/273 266/266/266
f  508/508/508 266/266/266 265/265/265
f  506/506/506 510/510/510 507/507/507
f  510/510/510 511/511/511 507/507/507
f  507/507/507 511/511/511 273/273/273
f  511/511/511 274/274/274 273/273/273
f  510/510/510 512/512/512 511/511/511
f  512/512/512 281/281/281 511/511/511
f  511/511/511 281/281/281 274/274/274
f  513/513/513 514/514/514 510/510/510
f  513/513/513 510/510/510 506/506/506
f  514/514/514 512/512/512 510/510/510
f  514/514/514 515/515/515 512/512/512
f  515/515/515 516/516/516 512/512/512
f  512/512/512 516/516/516 281/281/281
f  516/516/516 282/282/282 281/281/281
f  515/515/515 517/517/517 516/516/516
f  517/517/517 518/518/518 516/516/516
f  516/516/516 518/518/518 282/282/282
f  519/519/519 520/520/520 515/515/515
f  519/519/519 515/515/515 514/514/514
f  520/520/520 517/517/517 515/515/515
f  520/520/520 521/521/521 517/517/517
f  521/521/521 522/522/522 517/517/517
f  517/517/517 522/522/522 518/518/518
f  522/522/522 523/523/523 518/518/518
f  521/521/521 524/524/524 522/522/522
f  524/524/524 525/525/525 522/522/522
f  522/522/522 525/525/525 523/523/523
f  526/526/526 527/527/527 521/521/521
f  526/526/526 521/521/521 520/520/520
f  527/527/527 524/524/524 521/521/521
f  528/528/528 526/526/526 520/520/520
f  528/528/528 520/520/520 519/519/519
f  529/529/529 530/530/530 526/526/526
f  529/529/529 526/526/526 528/528/528
f  530/530/530 527/527/527 526/526/526
f  530/530/530 531/531/531 527/527/527
f  531/531/531 532/532/532 527/527/527
f  527/527/527 532/532/532 524/524/524
f  406/406/406 533/533/533 530/530/530
f  406/406/406 530/530/530 529/529/529
f  533/533/533 531/531/531 530/530/530
f  405/405/405 406/406/406 529/529/529
f  405/405/405 529/529/529 414/414/414
f  414/414/414 529/529/529 528/528/528
f  397/397/397 533/533/533 406/406/406
f  397/397/397 398/398/398 533/533/533
f  398/398/398 534/534/534 533/533/533
f  533/533/533 534/534/534 531/531/531
f  389/389/389 535/535/535 398/398/398
f  398/398/398 535/535/535 534/534/534
f  535/535/535 536/536/536 534/534/534
f  534/534/534 536/536/536 537/537/537
f  534/534/534 537/537/537 531/531/531
f  389/389/389 390/390/390 535/535/535
f  390/390/390 538/538/538 535/535/535
f  535/535/535 538/538/538 536/536/536
f  538/538/538 313/313/313 536/536/536
f  536/536/536 313/313/313 539/539/539
f  536/536/536 539/539/539 537/537/537
f  531/531/531 537/537/537 532/532/532
f  537/537/537 539/539/539 540/540/540
f  537/537/537 540/540/540 532/532/532
f  313/313/313 305/305/305 539/539/539
f  539/539/539 305/305/305 302/302/302
f  539/539/539 302/302/302 540/540/540
f  538/538/538 311/311/311 313/313/313
f  390/390/390 541/541/541 538/538/538
f  541/541/541 311/311/311 538/538/538
f  381/381/381 541/541/541 390/390/390
f  381/381/381 382/382/382 541/541/541
f  382/382/382 542/542/542 541/541/541
f  541/541/541 542/542/542 311/311/311
f  542/542/542 312/312/312 311/311/311
f  382/382/382 543/543/543 542/542/542
f  543/543/543 319/319/319 542/542/542
f  542/542/542 319/319/319 312/312/312
f  373/373/373 543/543/543 382/382/382
f  373/373/373 374/374/374 543/543/543
f  374/374/374 334/334/334 543/543/543
f  543/543/543 334/334/334 319/319/319
f  334/334/334 320/320/320 319/319/319
f  374/374/374 333/333/333 334/334/334
f  366/366/366 333/333/333 374/374/374
f  366/366/366 335/335/335 333/333/333
f  532/532/532 540/540/540 544/544/544
f  540/540/540 302/302/302 299/299/299
f  540/540/540 299/299/299 544/544/544
f  532/532/532 544/544/544 524/524/524
f  524/524/524 544/544/544 525/525/525
f  544/544/544 299/299/299 296/296/296
f  544/544/544 296/296/296 525/525/525
f  525/525/525 296/296/296 293/293/293
f  525/525/525 293/293/293 523/523/523
f  523/523/523 293/293/293 287/287/287
f  518/518/518 523/523/523 283/283/283
f  523/523/523 287/287/287 283/283/283
f  518/518/518 283/283/283 282/282/282
f  414/414/414 528/528/528 545/545/545
f  545/545/545 528/528/528 519/519/519
f  413/413/413 414/414/414 545/545/545
f  413/413/413 545/545/545 422/422/422
f  422/422/422 545/545/545 546/546/546
f  545/545/545 519/519/519 546/546/546
f  546/546/546 519/519/519 514/514/514
f  422/422/422 546/546/546 547/547/547
f  547/547/547 546/546/546 513/513/513
f  546/546/546 514/514/514 513/513/513
f  421/421/421 422/422/422 547/547/547
f  421/421/421 547/547/547 430/430/430
f  430/430/430 547/547/547 505/505/505
f  547/547/547 513/513/513 505/505/505
f  505/505/505 513/513/513 506/506/506
f  430/430/430 505/505/505 498/498/498
f  429/429/429 430/430/430 498/498/498
f  509/509/509 265/265/265 258/258/258
f  502/502/502 509/509/509 548/548/548
f  548/548/548 509/509/509 257/257/257
f  509/509/509 258/258/258 257/257/257
f  501/501/501 502/502/502 548/548/548
f  501/501/501 548/548/548 549/549/549
f  549/549/549 548/548/548 550/550/550
f  548/548/548 257/257/257 550/550/550
f  550/550/550 257/257/257 250/250/250
f  549/549/549 550/550/550 551/551/551
f  551/551/551 550/550/550 249/249/249
f  550/550/550 250/250/250 249/249/249
f  552/552/552 501/501/501 549/549/549
f  552/552/552 549/549/549 76/76/76
f  76/76/76 549/549/549 551/551/551
f  495/495/495 501/501/501 552/552/552
f  68/68/68 495/495/495 552/552/552
f  68/68/68 552/552/552 69/69/69
f  69/69/69 552/552/552 76/76/76
f  76/76/76 551/551/551 77/77/77
f  77/77/77 551/551/551 84/84/84
f  551/551/551 249/249/249 84/84/84
f  84/84/84 249/249/249 242/242/242
f  84/84/84 242/242/242 85/85/85
f  310/310/310 316/316/316 553/553/553
f  316/316/316 324/324/324 554/554/554
f  316/316/316 554/554/554 553/553/553
f  310/310/310 553/553/553 307/307/307
f  307/307/307 553/553/553 555/555/555
f  553/553/553 554/554/554 556/556/556
f  553/553/553 556/556/556 555/555/555
f  307/307/307 555/555/555 304/304/304
f  304/304/304 555/555/555 557/557/557
f  555/555/555 556/556/556 558/558/558
f  555/555/555 558/558/558 557/557/557
f  304/304/304 557/557/557 301/301/301
f  301/301/301 557/557/557 559/559/559
f  557/557/557 558/558/558 560/560/560
f  557/557/557 560/560/560 559/559/559
f  301/301/301 559/559/559 298/298/298
f  298/298/298 559/559/559 561/561/561
f  559/559/559 560/560/560 562/562/562
f  559/559/559 562/562/562 561/561/561
f  298/298/298 561/561/561 295/295/295
f  295/295/295 561/561/561 563/563/563
f  561/561/561 562/562/562 564/564/564
f  561/561/561 564/564/564 563/563/563
f  295/295/295 563/563/563 292/292/292
f  292/292/292 563/563/563 565/565/565
f  563/563/563 564/564/564 566/566/566
f  563/563/563 566/566/566 565/565/565
f  292/292/292 565/565/565 289/289/289
f  289/289/289 565/565/565 567/567/567
f  565/565/565 566/566/566 568/568/568
f  565/565/565 568/568/568 567/567/567
f  289/289/289 567/567/567 290/290/290
f  290/290/290 567/567/567 569/569/569
f  567/567/567 568/568/568 570/570/570
f  567/567/567 570/570/570 569/569/569
f  290/290/290 569/569/569 571/571/571
f  571/571/571 569/569/569 572/572/572
f  569/569/569 570/570/570 573/573/573
f  569/569/569 573/573/573 572/572/572
f  571/571/571 572/572/572 574/574/574
f  574/574/574 572/572/572 575/575/575
f  572/572/572 573/573/573 576/576/576
f  572/572/572 576/576/576 575/575/575
f  574/574/574 575/575/575 577/577/577
f  577/577/577 575/575/575 578/578/578
f  575/575/575 576/576/576 579/579/579
f  575/575/575 579/579/579 578/578/578
f  577/577/577 578/578/578 580/580/580
f  580/580/580 578/578/578 581/581/581
f  578/578/578 579/579/579 582/582/582
f  578/578/578 582/582/582 581/581/581
f  580/580/580 581/581/581 583/583/583
f  277/277/277 286/286/286 584/584/584
f  286/286/286 290/290/290 571/571/571
f  286/286/286 571/571/571 584/584/584
f  277/277/277 584/584/584 278/278/278
f  278/278/278 584/584/584 585/585/585
f  584/584/584 571/571/571 574/574/574
f  584/584/584 574/574/574 585/585/585
f  269/269/269 278/278/278 586/586/586
f  278/278/278 585/585/585 586/586/586
f  586/586/586 585/585/585 587/587/587
f  585/585/585 574/574/574 577/577/577
f  585/585/585 577/577/577 587/587/587
f  269/269/269 586/586/586 270/270/270
f  270/270/270 586/586/586 588/588/588
f  586/586/586 587/587/587 588/588/588
f  588/588/588 587/587/587 589/589/589
f  587/587/587 577/577/577 580/580/580
f  587/587/587 580/580/580 589/589/589
f  270/270/270 588/588/588 590/590/590
f  590/590/590 588/588/588 591/591/591
f  588/588/588 589/589/589 591/591/591
f  261/261/261 270/270/270 590/590/590
f  261/261/261 590/590/590 262/262/262
f  262/262/262 590/590/590 592/592/592
f  590/590/590 591/591/591 592/592/592
f  592/592/592 591/591/591 593/593/593
f  591/591/591 589/589/589 594/594/594
f  591/591/591 594/594/594 593/593/593
f  262/262/262 592/592/592 595/595/595
f  595/595/595 592/592/592 596/596/596
f  592/592/592 593/593/593 596/596/596
f  253/253/253 262/262/262 595/595/595
f  253/253/253 595/595/595 254/254/254
f  254/254/254 595/595/595 597/597/597
f  595/595/595 596/596/596 597/597/597
f  245/245/245 254/254/254 598/598/598
f  254/254/254 597/597/597 598/598/598
f  245/245/245 598/598/598 246/246/246
f  589/589/589 583/583/583 594/594/594
f  589/589/589 580/580/580 583/583/583
f  161/161/161 158/158/158 2/2/2
f  161/161/161 2/2/2 1/1/1
f  158/158/158 156/156/156 10/10/10
f  158/158/158 10/10/10 2/2/2
f  156/156/156 155/155/155 12/12/12
f  156/156/156 12/12/12 10/10/10
f  155/155/155 153/153/153 16/16/16
f  155/155/155 16/16/16 12/12/12
f  153/153/153 154/154/154 492/492/492
f  153/153/153 492/492/492 16/16/16
f  154/154/154 162/162/162 487/487/487
f  154/154/154 487/487/487 492/492/492
f  162/162/162 164/164/164 483/483/483
f  162/162/162 483/483/483 487/487/487
f  164/164/164 165/165/165 481/481/481
f  164/164/164 481/481/481 483/483/483
f  165/165/165 108/108/108 479/479/479
f  165/165/165 479/479/479 481/481/481
f  108/108/108 104/104/104 478/478/478
f  108/108/108 478/478/478 479/479/479
f  104/104/104 100/100/100 470/470/470
f  104/104/104 470/470/470 478/478/478
f  100/100/100 97/97/97 471/471/471
f  100/100/100 471/471/471 470/470/470
f  97/97/97 94/94/94 472/472/472
f  97/97/97 472/472/472 471/471/471
f  94/94/94 95/95/95 474/474/474
f  94/94/94 474/474/474 472/472/472
f  95/95/95 237/237/237 476/476/476
f  95/95/95 476/476/476 474/474/474
f  237/237/237 239/239/239 477/477/477
f  237/237/237 477/477/477 476/476/476
f  239/239/239 246/246/246 369/369/369
f  239/239/239 369/369/369 477/477/477
f  246/246/246 598/598/598 363/363/363
f  246/246/246 363/363/363 369/369/369
f  598/598/598 597/597/597 359/359/359
f  598/598/598 359/359/359 363/363/363
f  597/597/597 596/596/596 358/358/358
f  597/597/597 358/358/358 359/359/359
f  596/596/596 593/593/593 355/355/355
f  596/596/596 355/355/355 358/358/358
f  593/593/593 594/594/594 356/356/356
f  593/593/593 356/356/356 355/355/355
f  594/594/594 583/583/583 351/351/351
f  594/594/594 351/351/351 356/356/356
f  583/583/583 581/581/581 352/352/352
f  583/583/583 352/352/352 351/351/351
f  581/581/581 582/582/582 353/353/353
f  581/581/581 353/353/353 352/352/352
